500, 12282
256 339 7 707 21 469 23 566 58 272 97 565 122 82 139 905 181 865 197 40 208 821 228 841 264 325 297 87 320 198 336 518 346 505 375 999 382 411 388 817 398 176 437 332 492 86 496 213
18 189 61 446 98 325 108 714 124 746 173 34 182 756 267 314 285 335 325 523 345 531 374 816 383 458 384 890 395 51 408 387 417 522 418 870 470 526
60 324 64 813 87 350 108 540 145 601 151 570 176 816 177 913 192 977 193 834 195 943 216 846 241 518 244 380 253 924 264 474 271 137 276 865 281 949 287 264 291 939 306 804 333 635 347 798 368 604 386 689 387 544 412 262 415 759 435 326 440 565 452 965 459 459 485 831
1 629 35 3 38 976 87 93 100 568 128 696 144 436 150 1000 158 728 180 577 227 331 275 36 314 960 315 945 316 139 357 32 383 221 386 159 402 840 413 164 425 661 432 618
5 98 19 976 48 790 73 135 92 208 100 865 112 262 119 305 149 469 173 287 234 846 275 701 327 346 357 814 383 417 390 847 396 772 423 175 430 529 445 253 455 158 458 910 462 835 468 318 476 395
24 891 79 939 108 289 164 961 173 335 188 215 232 927 253 698 264 314 279 148 285 35 301 651 308 489 342 754 413 316 465 752 497 197 498 911
8 395 61 184 74 663 96 679 143 204 166 32 185 462 193 454 207 155 239 292 245 203 259 873 271 842 272 861 281 4 294 569 323 590 348 890 369 11 392 771 408 782 495 510
5 207 57 108 62 288 78 128 109 557 132 905 138 146 143 20 176 142 177 590 204 341 209 660 210 636 232 129 245 832 258 593 261 483 290 297 303 344 310 306 347 333 354 605 357 201 359 799 365 137 366 826 374 196 394 391 398 954 418 733 465 691
53 403 75 886 77 902 99 297 102 449 122 547 141 478 158 283 167 986 181 199 198 305 201 671 213 424 220 169 224 970 253 99 275 155 281 976 283 698 332 333 365 869 371 394 377 60 407 531 414 695 436 780 445 771 480 812
2 312 10 976 40 367 62 8 72 599 83 269 84 268 99 41 112 888 131 476 149 485 179 349 192 80 223 660 227 727 260 979 267 788 269 682 357 858 359 385 362 195 425 616 497 827 498 912
9 773 108 541 111 513 138 838 238 500 253 281 260 55 310 672 328 522 371 49 377 560 423 883 426 596 441 943 455 53 465 929 485 611
0 178 6 929 14 318 20 174 33 523 96 295 100 680 102 164 105 935 131 723 139 345 140 561 164 121 174 45 243 554 280 592 282 77 283 199 292 205 300 189 357 725 398 769 411 470 413 621 417 538 435 577 436 231 452 751 455 971 472 470 488 980
1 767 3 547 24 213 25 822 26 865 34 34 48 916 49 719 80 863 89 908 135 637 139 540 254 985 268 257 372 562 431 707 449 793 496 401
14 342 15 784 43 583 48 648 50 386 54 75 108 349 115 302 159 343 176 366 177 344 259 796 269 400 308 190 341 539 342 88 365 84 376 952 400 458 402 203 482 917
43 770 58 523 79 211 93 471 162 401 204 838 205 291 208 722 259 885 312 487 317 988 322 466 324 319 359 217 376 431 379 173 386 946 403 638 424 966 468 12
27 80 36 329 37 193 62 567 68 104 78 790 86 932 87 200 91 976 176 177 189 553 192 769 212 563 220 993 231 268 233 497 306 881 375 899 407 874 409 125 422 502 426 956 429 478 455 939 458 980
8 43 22 17 30 268 37 73 50 604 52 577 54 411 80 342 102 373 104 297 118 297 126 222 129 917 145 562 150 351 176 65 203 174 219 502 226 845 252 425 263 600 274 209 324 905 331 71 335 168 341 746 355 41 397 662 407 348 421 509 426 395 436 477 447 867 475 829 485 132 497 925
23 767 45 623 48 92 93 541 208 341 237 424 241 532 246 135 255 853 258 723 292 989 293 570 302 153 330 433 346 776 348 989 352 304 358 407 367 887 372 45 383 521 390 9 422 970 456 590
8 386 40 395 58 714 74 110 141 755 153 679 172 596 176 590 190 731 208 245 226 287 255 417 287 568 311 315 349 336 390 142 417 993 420 998 463 952
6 99 31 176 32 684 77 283 102 773 111 46 112 32 154 459 162 817 216 670 217 144 223 825 256 736 274 498 278 93 279 178 307 715 338 923 350 107 357 978 363 659 365 673 374 678 378 259 385 253 391 785 394 645 401 373 429 328 431 527 440 454 463 604 468 182
21 823 23 694 27 275 46 634 67 941 77 367 111 990 120 305 136 377 172 578 197 741 207 99 220 537 228 964 242 989 250 45 271 494 275 167 294 421 354 819 374 77 391 551 409 531 457 884 462 683 467 500 473 249 475 447 477 258
74 11 100 531 187 499 196 913 202 667 232 465 237 251 246 88 261 973 269 892 276 902 284 72 298 366 359 237 377 133 404 835 405 104 410 381 488 690
23 431 65 24 102 77 136 194 169 965 170 625 176 948 177 396 190 312 194 902 197 473 205 294 223 397 273 345 321 251 356 552 357 185 359 503 362 11 394 676 410 764 425 847 462 213 466 967 482 993
1 713 12 311 30 744 40 703 49 895 64 911 69 478 79 642 93 680 104 700 110 636 112 693 177 477 210 217 232 839 266 251 287 472 292 700 308 587 315 170 319 748 321 480 360 353 385 40 428 974 462 843 480 983 490 346
37 244 83 232 110 908 136 449 149 671 150 852 180 2 189 201 198 662 204 126 210 724 213 838 236 293 254 84 268 178 335 446 378 291 396 438 438 965 442 910 445 269 464 430 484 182 491 309 496 280
40 746 71 465 84 268 95 559 107 103 118 519 123 161 134 448 157 413 167 738 200 955 202 666 224 93 253 202 256 303 261 979 266 937 268 966 274 348 285 881 301 950 324 10 381 874 434 159 452 432
72 361 114 912 116 58 156 949 215 534 221 110 258 934 320 224 326 920 363 500 398 332 418 684 420 846
88 897 131 804 139 288 185 112 222 948 230 624 244 530 278 72 292 416 297 408 321 593 327 621 383 213 416 626 442 98 447 164 448 344 453 961 481 812
4 808 9 973 20 719 56 589 71 121 95 703 163 364 190 188 209 729 211 122 212 810 215 148 221 941 226 658 231 764 234 632 253 157 257 601 281 97 300 847 301 779 351 558 383 852 416 326 420 395 435 18 443 374 453 331 499 799
16 636 22 930 26 892 44 693 71 384 104 917 123 704 150 766 186 730 238 665 254 582 266 806 268 117 270 979 305 70 331 845 337 263 363 861 410 598 417 252 423 129 445 138 459 663 467 166
15 225 37 181 54 721 64 885 65 350 67 750 95 330 147 963 164 66 169 467 179 141 180 692 193 597 197 443 199 901 222 75 228 594 235 164 322 510 330 554 336 700 343 205 349 590 367 373 375 216 424 317 439 830 441 300 455 528 480 759
19 945 94 348 117 244 121 632 154 644 211 519 239 440 250 872 263 161 290 682 300 890 319 798 326 217 357 947 365 869 371 154 392 73 480 24
45 991 52 720 66 946 102 107 132 755 146 155 151 656 185 823 200 486 235 131 238 48 259 513 260 609 299 231 314 927 320 49 324 138 357 276 364 164 365 691 381 538 383 596 389 613 433 755 444 669 460 311 496 693
5 204 27 423 45 365 64 835 66 373 81 415 122 198 131 776 141 81 181 623 239 45 248 132 256 933 260 716 277 799 286 521 295 889 301 197 327 381 354 615 372 526 386 655 389 161 397 332 419 384 424 85 453 87 476 277 487 833 496 258 498 602
10 888 17 302 25 9 37 424 68 724 81 56 106 370 112 590 132 337 136 233 145 389 174 821 176 844 196 863 216 459 244 904 259 688 310 657 321 785 327 711 359 275 361 183 369 256 384 495 385 593 388 167 427 702 444 323 459 684 469 757 474 461
59 988 71 164 79 957 163 141 225 537 233 910 299 831 330 957 350 80 384 623 418 704 420 606 449 657 469 882
26 631 46 293 51 345 60 749 62 735 64 457 112 769 115 343 120 538 143 705 145 26 155 210 161 949 198 19 199 768 201 601 207 859 209 642 219 575 237 590 247 738 250 541 276 606 299 203 311 77 312 720 320 250 458 990 472 650 484 696 492 590
19 133 84 797 87 692 146 839 154 839 158 902 208 751 214 730 215 81 304 271 310 594 322 503 328 89 337 474 345 197 367 961 376 788 378 692 415 384 464 730 487 283 491 853 497 432
43 491 66 728 98 826 111 540 118 835 156 48 199 143 225 545 245 68 250 818 254 657 297 134 325 82 334 452 356 349 361 438 399 553 420 302 421 833 426 721 439 249 451 505 478 231 497 743
35 712 36 964 48 433 65 849 67 374 83 920 109 370 148 895 156 900 171 211 267 654 280 86 339 808 357 118 361 675 362 625 385 747 419 116
33 314 45 18 48 804 66 389 144 147 169 687 193 464 201 610 211 878 223 501 279 36 285 191 286 795 292 910 308 183 329 87 334 579 350 538 362 445 456 929 457 920 489 628
5 751 8 193 18 46 33 694 50 981 75 32 99 551 101 216 120 313 130 612 137 66 155 111 169 597 185 546 193 613 203 688 212 93 227 265 245 925 257 354 312 432 323 82 369 606 378 882 418 873 436 8 451 968 462 838 488 747 496 15
6 904 17 794 29 374 33 874 41 953 63 212 81 528 85 727 95 105 135 600 152 910 156 765 157 489 166 53 173 970 174 773 188 443 251 477 257 317 261 596 267 80 308 560 327 337 338 543 341 245 343 708 347 98 378 262 426 838 440 461 443 192 450 22 459 909 471 385
12 445 14 687 22 486 59 823 84 325 95 457 96 710 102 256 108 528 113 860 118 601 147 843 187 970 193 62 221 17 226 332 254 551 257 468 276 598 283 564 314 485 316 65 318 311 355 945 361 781 364 278 388 833 423 67 460 173 471 274 474 429 483 922 488 826
7 616 24 1000 77 707 152 716 154 221 171 183 202 113 217 486 228 581 244 832 283 551 357 865 373 882 409 564 419 976
8 279 16 294 35 517 40 596 46 489 50 316 75 994 126 514 184 73 207 306 215 613 225 807 231 862 271 476 298 936 311 673 333 966 360 646 389 593 397 411 403 903 406 555 412 900 420 713 422 666 440 249 480 982 485 461 495 861
25 319 74 324 142 149 172 750 173 299 197 374 205 7 215 190 291 369 295 861 297 930 320 384 335 99 391 847 402 370 442 837 461 917 464 938 490 40
7 301 18 579 28 530 29 155 30 981 33 688 73 726 97 43 121 674 137 82 143 694 194 822 196 50 209 592 212 424 241 685 256 951 257 31 273 208 291 587 358 160 364 6 368 874 377 766 412 623 433 768 435 117 442 785 449 290 462 359 476 421
33 132 38 109 62 803 125 494 148 398 167 564 180 780 208 774 216 680 233 698 251 224 254 444 275 202 372 704 393 710 408 272 442 15 465 125 484 147
25 443 30 845 35 433 53 72 55 285 76 55 89 484 102 338 203 651 204 86 226 860 243 622 252 393 261 249 266 269 297 217 309 707 324 274 363 844 408 342 428 330 434 464 467 58 482 833 492 638
1 490 7 248 16 214 42 539 49 393 62 160 73 336 94 661 107 743 108 135 120 406 133 117 144 794 164 646 166 685 176 710 188 906 212 346 219 837 233 396 286 920 292 372 317 280 325 998 472 936 498 903
53 937 97 645 102 316 139 580 143 945 186 846 206 936 207 638 241 91 270 459 303 931 306 66 355 963 360 559 361 248 364 543 423 352 426 998 432 21 460 118 465 63 482 833 489 94 496 669
9 69 21 971 43 989 63 531 69 86 78 733 185 353 199 145 255 528 284 867 346 173 358 376 408 598 411 643 417 911 427 108 447 534 468 787 483 408 488 258
13 216 31 197 43 614 61 568 67 875 96 629 179 240 226 770 247 773 269 844 400 896 435 771 445 823 452 150 476 266 494 554 499 776
10 94 35 233 43 421 45 934 58 572 61 223 62 956 125 108 127 15 191 336 212 695 213 9 229 945 233 325 242 944 260 147 271 231 284 317 305 454 324 256 334 228 365 716 391 259 403 845 410 951 427 516 429 375 475 688 476 318 486 893
28 638 47 180 79 923 81 90 103 518 112 642 144 75 147 145 179 947 182 725 207 39 252 357 260 204 292 686 313 71 320 743 322 390 357 731 364 864 382 373 388 340 413 887 426 295 472 568 487 113
2 721 39 31 55 279 76 926 108 757 118 833 119 647 144 270 175 498 223 325 228 872 248 311 264 16 299 988 329 598 339 801 341 828 344 425 361 739 414 392 416 483 440 647 463 627
0 630 1 19 12 470 30 740 34 160 54 235 90 513 91 904 105 266 115 145 149 454 150 261 153 608 182 322 210 430 233 589 264 674 298 92 304 544 315 250 364 983 367 83 412 771 415 237 435 348 436 835 464 132 472 5
23 651 26 789 30 508 40 123 46 612 55 991 62 73 72 993 111 455 135 752 152 685 160 869 188 133 204 40 225 570 268 921 306 625 310 304 337 907 366 782 369 299 373 737 377 621 385 629 403 486 455 156 456 915 467 464 485 424 491 132
13 800 43 962 47 631 48 567 68 772 96 814 102 638 106 9 109 744 113 959 125 807 129 901 161 641 204 3 216 880 222 783 234 467 243 55 245 429 301 205 303 621 306 426 363 11 375 175 387 27 398 184 418 766 459 960 460 935 476 509
10 528 20 968 22 779 23 758 27 900 34 370 98 120 100 992 105 681 209 836 211 780 273 541 298 770 304 234 331 868 336 26 339 141 368 634 397 179 398 982 401 471 453 555 454 320 487 808
21 290 29 997 32 103 47 946 51 954 69 15 73 641 92 468 129 323 131 253 239 150 243 988 268 137 275 663 289 632 319 376 333 250 341 47 354 767 359 182 366 504 388 886 398 816 409 954 444 628 473 522
13 637 44 735 58 405 66 10 79 798 127 460 156 163 197 64 215 82 221 40 272 487 280 977 283 329 303 945 333 458 334 932 391 714 430 388 444 646 448 598 456 548 474 133
1 181 3 347 30 885 45 719 50 838 56 411 114 120 123 916 124 670 147 919 159 330 213 284 236 733 241 959 242 371 337 408 338 663 348 851 371 954 384 550 410 774 431 11 445 975 456 874 466 369 474 820 485 943 494 519
3 443 34 396 36 949 45 301 77 786 78 796 85 115 176 272 183 227 228 385 240 592 262 183 264 265 267 411 269 426 331 571 354 758 360 726 402 277 403 291 416 210 418 920 440 503 465 196
4 513 12 241 14 162 25 287 54 875 68 554 69 676 75 110 107 552 135 728 168 757 207 36 227 784 240 515 241 184 256 108 259 546 265 978 379 267 382 296 390 698 398 251 426 977 432 948 470 594 476 615 497 548
24 585 58 657 83 243 90 187 121 447 133 32 150 61 166 789 180 11 207 54 213 404 219 900 239 363 261 586 266 9 280 911 294 521 314 342 352 756 358 930 361 42 375 628 394 893 444 124 447 297 481 404
2 54 9 181 85 330 88 59 99 677 105 594 124 253 125 761 135 564 138 216 200 570 208 27 232 973 233 471 267 586 295 355 322 771 348 513 370 286 383 418 403 725 412 859 414 135 420 572 443 778 449 509 473 700
34 397 45 554 99 785 110 745 113 34 146 722 193 156 217 747 223 373 240 261 266 375 304 817 306 543 317 653 406 30 414 653 438 786 454 434 474 814 491 174
13 795 25 931 44 221 53 721 55 860 109 537 135 539 161 26 166 66 172 77 195 35 197 187 207 393 229 986 262 450 274 667 280 820 295 546 297 304 321 133 331 406 343 806 359 608 367 312 378 681 381 635 392 328 423 266 460 444 490 812
55 201 81 575 92 222 138 114 141 529 154 582 203 273 212 52 218 367 249 867 258 80 273 623 293 164 415 729 430 311 449 680 485 635 494 684
26 674 32 812 115 350 127 606 161 943 169 574 200 242 304 102 310 690 320 702 344 19 363 173 399 356 426 38 470 998 479 649 480 942 489 348 493 440
12 499 27 367 38 936 46 955 88 379 153 329 158 161 160 37 189 851 215 929 230 25 234 25 246 640 265 617 266 148 307 748 342 715 426 946 447 557 450 395
1 472 15 167 19 342 33 690 55 154 67 160 78 494 108 776 126 82 149 148 157 363 166 747 180 532 223 763 233 846 256 891 281 129 355 810 377 130 394 176 402 896 405 793 444 460 451 937 462 901 468 144 493 496 497 910
16 327 41 56 46 74 48 96 53 664 109 932 171 695 213 49 216 616 251 849 265 807 312 940 317 696 344 262 345 203 346 318 354 817 386 242 397 610 426 574 428 987 452 815
4 612 14 568 23 773 45 267 99 587 113 134 119 809 189 864 218 778 260 185 268 219 279 397 295 91 303 779 315 55 339 891 367 685 405 615 439 81 447 959 457 703 489 271
2 313 15 36 29 489 34 788 37 648 44 847 61 916 62 498 74 342 164 949 181 848 212 807 249 698 256 881 261 281 271 660 284 186 289 200 324 159 349 990 350 924 373 93 386 420 390 777 413 446 414 184 447 659 454 91 456 83
7 147 44 552 83 632 95 2 104 66 112 911 119 837 126 172 133 671 140 638 149 682 158 514 224 140 230 866 239 987 289 876 328 612 365 17 371 492 395 667 411 81 435 438 455 418 460 9 483 431 496 603
42 629 102 978 141 475 164 582 193 585 200 699 224 288 226 218 235 979 239 671 249 962 285 544 300 19 303 467 313 174 328 813 349 698 350 698 372 468 390 834 445 115 481 657
4 157 85 834 90 40 96 429 110 264 130 415 161 246 175 90 186 680 188 316 271 853 296 644 299 823 344 639 352 498 358 997 364 370 378 873 382 321 392 884 435 491 455 491 496 485
26 351 28 397 58 829 74 556 97 553 104 294 149 672 194 66 216 99 280 62 302 824 321 618 329 686 353 701 354 927 370 685 400 620 414 739 430 433 481 65
21 818 24 483 63 958 109 786 113 560 114 919 116 400 135 535 136 569 149 802 151 674 197 171 238 947 315 518 339 713 362 754 378 180 391 477 400 414 423 873 448 659
20 31 22 179 23 630 71 454 80 993 152 678 155 841 156 270 234 921 271 978 284 600 329 797 338 303 353 599 355 539 397 785 403 405 412 529 436 1000 444 611 474 972 486 156 487 305 497 387
6 106 12 687 25 894 71 518 131 528 147 793 192 374 199 119 217 876 242 713 250 932 261 499 266 626 290 725 306 113 370 158 385 996 387 973 389 692 433 990 436 791 437 131 469 664 486 47 489 921
25 333 33 316 56 400 73 997 143 807 150 53 172 810 181 572 183 891 240 919 283 38 284 285 330 175 332 743 338 949 349 583 381 274 388 366 437 791 474 848
26 938 42 217 54 292 120 380 122 533 127 737 133 238 178 939 201 926 210 395 366 382 383 460 387 976 397 911 490 717
17 883 39 120 52 694 67 299 69 113 78 857 94 269 153 575 274 122 285 358 302 343 317 839 357 667 362 216 366 545 367 912 381 292 384 393 425 626 440 269 455 306 457 776 458 878 467 137 471 704
3 157 18 744 46 311 58 746 117 563 121 461 131 733 134 24 171 331 207 768 213 868 243 58 247 152 292 496 306 720 314 115 322 627 333 586 346 259 358 458 422 447 431 605
2 705 6 905 39 613 43 549 73 901 95 123 105 6 113 108 122 171 135 48 138 380 168 214 182 716 212 694 218 943 219 577 228 379 243 695 253 670 275 973 293 40 311 82 317 742 410 627 416 177 447 993 450 349 490 795
6 890 56 119 60 955 80 682 131 597 138 792 185 845 216 173 263 252 270 683 302 960 338 767 339 820 355 308 365 134 370 972 385 88 419 871 431 147 468 929 475 624 477 675 486 263 498 882
7 189 34 249 42 871 74 961 82 159 109 128 142 362 163 129 164 654 166 657 179 115 187 296 192 531 234 360 255 867 268 587 280 26 296 879 320 230 334 22 400 274 412 822 432 550 459 395 464 200 475 794
14 1 21 975 54 23 84 380 95 394 109 387 202 275 230 751 254 521 264 337 280 810 310 68 337 793 357 181 364 238 366 463 375 331 382 375 388 230 396 319 397 205 410 176 416 85 417 917 420 121 422 153 427 765 442 122 443 43 453 395 485 834
22 197 28 616 102 87 128 756 132 622 155 234 159 869 162 141 213 217 239 214 255 459 256 487 272 30 280 902 286 950 293 237 311 417 313 283 331 301 335 87 358 405 374 75 413 134 481 206
17 429 57 187 59 853 61 471 88 59 147 426 184 432 207 6 218 255 229 49 240 694 244 515 247 857 289 756 298 162 316 539 330 50 368 126 381 868 406 769 421 126 452 590 456 561 460 917 496 865
5 74 78 932 87 896 104 410 111 420 113 206 114 763 120 75 125 143 126 135 137 82 142 355 196 795 227 746 239 71 283 437 294 512 308 64 313 104 331 419 340 659 358 410 391 766 403 136 427 293 448 673 468 664
10 816 41 693 51 586 52 873 54 118 90 750 108 57 113 150 145 575 159 379 199 29 205 117 213 657 236 794 302 978 311 458 321 484 343 471 356 79 376 350 381 942 403 753 407 727 408 928 409 494 422 654 441 630 444 366 487 29 499 452
3 993 11 689 16 143 76 567 106 391 113 227 130 556 160 972 171 542 193 478 210 852 221 223 240 343 261 121 273 419 280 217 290 826 298 92 322 466 340 336 412 911 424 712 460 916 480 960 490 815
48 449 51 229 64 370 75 730 80 168 98 119 150 238 154 632 162 754 167 693 171 442 180 649 200 812 262 348 281 362 283 534 292 819 298 373 310 471 314 336 317 283 346 315 349 333 352 992 401 170 402 925 427 437 432 595 437 355 446 451 466 367 471 573 472 682 476 349 491 735
41 820 48 593 83 354 104 523 177 433 188 730 196 160 203 761 223 748 242 582 327 803 335 952 370 835 425 354 433 262 445 664 456 580 457 142
6 19 18 773 19 326 30 210 40 482 53 91 57 781 93 409 105 975 110 219 138 180 174 453 250 687 266 303 273 881 312 223 326 432 333 781 368 232 373 545 381 6 413 452 431 817 437 215 439 99 471 319 495 405
9 464 16 423 18 965 28 813 35 583 46 892 48 853 58 854 70 79 71 778 120 788 154 411 177 332 212 68 217 905 219 996 222 559 224 486 227 189 237 912 240 755 281 377 336 562 345 42 362 909 364 923 365 573 373 82 378 363 399 973 411 1 414 75 416 45 449 189 463 225
6 450 23 552 24 202 48 675 59 236 96 412 114 4 186 459 192 182 223 632 260 30 327 967 328 367 335 821 337 293 367 549 373 390 451 98
2 376 60 408 65 847 81 586 95 659 106 974 110 976 123 359 147 32 160 527 190 724 200 821 203 948 214 348 255 446 260 565 288 899 292 105 298 467 335 932 341 708 344 987 356 722 368 752 371 809 412 669 424 582 456 179 458 457 481 900 497 12
5 761 44 127 46 146 93 232 95 773 108 575 114 880 126 969 140 658 144 393 148 690 188 556 190 625 230 338 243 360 247 693 274 14 284 756 300 551 329 465 341 425 347 351 353 792 373 789 374 109 425 943 495 689
20 629 42 323 52 748 68 20 73 610 160 564 195 791 196 558 232 655 236 573 250 583 283 130 298 266 306 944 340 361 369 47 372 419 386 116 396 624 418 245 442 290 445 711 448 480 452 402 472 368 476 289
29 16 44 352 74 800 83 951 85 892 87 128 149 388 166 27 173 120 217 100 227 601 266 61 271 648 295 662 296 30 306 651 334 426 347 754 372 697 419 875 437 767 438 614 446 56 452 380 458 85 485 735 494 797 498 960
10 358 24 694 35 618 36 872 80 222 100 88 116 68 131 521 156 651 176 173 186 12 210 119 211 332 212 616 216 746 218 945 229 658 235 857 236 330 237 914 240 700 256 187 312 477 317 771 352 605 427 565 436 763 482 340 484 355
61 744 83 830 151 423 152 60 157 847 209 80 214 698 219 774 221 250 272 828 278 734 303 392 309 918 345 731 427 605 446 837 469 832 482 920
21 171 56 841 94 251 100 694 116 46 121 157 138 422 164 144 197 989 200 603 223 599 225 571 250 304 258 739 269 189 271 813 287 853 335 925 367 881 380 902 383 163 385 458 387 798 451 282 460 18 471 472 476 376 481 387
18 330 21 180 34 214 58 954 66 104 81 40 144 606 152 603 156 582 163 747 167 498 180 470 182 906 195 423 225 491 256 751 258 190 274 620 304 253 339 41 355 180 364 387 389 816 431 625 436 676 461 860 466 166
33 742 38 761 45 733 52 59 62 287 67 4 70 134 71 286 73 252 103 110 130 378 174 4 182 89 261 140 301 889 303 640 314 908 371 585 373 440 376 505
12 361 38 176 40 351 57 5 59 392 79 717 132 286 151 405 158 556 160 591 163 314 184 136 204 284 290 583 325 396 334 466 347 396 349 299 386 275 414 567 435 633 438 10 452 996 459 136 482 402 486 397
46 932 55 923 108 464 119 22 124 412 160 131 216 816 220 833 298 303 331 193 332 428 337 194 350 236 368 308 373 428 399 618 423 521 492 591
4 96 13 542 28 22 30 470 42 820 91 567 117 766 140 886 143 663 148 919 157 941 170 896 176 97 181 12 182 124 199 464 275 774 307 294 342 642 357 488 388 592 401 49 403 711 430 271 470 257
72 564 106 4 107 219 115 820 118 556 122 826 150 321 152 245 156 912 163 154 181 463 182 491 221 544 238 7 248 270 252 363 262 479 264 246 274 794 284 73 301 925 353 289 362 129 368 760 376 779 429 56 433 185 480 1000
7 11 21 780 46 257 50 804 62 902 133 932 135 632 144 519 167 828 174 628 228 185 252 1 264 317 287 768 301 519 307 860 311 587 314 360 348 527 370 23 377 932 385 235 397 552 443 202 446 38 495 933
5 98 34 37 106 2 127 507 147 1 175 652 185 439 188 817 210 595 222 627 241 395 254 635 268 173 269 799 324 511 326 832 328 758 336 870 340 645 373 608 395 199 397 444 398 577 400 634 416 980 421 769 428 270 436 953 458 42 470 210 493 864 499 931
15 899 24 879 36 50 80 548 91 455 130 504 161 976 174 427 320 848 370 106 374 414 395 984 432 156 479 441 490 844
1 584 6 762 50 44 92 656 93 425 106 213 112 414 149 867 154 128 203 533 206 97 221 748 249 670 251 169 252 831 262 861 280 896 286 232 312 620 331 440 340 255 342 495 346 166 362 998 367 66 385 619 398 505 436 348 449 76 453 966 472 2 485 926
10 993 24 454 30 495 38 674 111 506 157 983 159 359 169 365 178 725 185 402 213 578 290 729 317 885 355 76 381 337 382 392 386 260 410 132 431 161 438 532 491 689 493 333
13 474 17 345 71 592 91 358 134 373 145 554 146 99 155 962 178 62 201 974 215 561 261 287 264 876 272 683 347 970 351 504 426 627 451 570
1 757 5 674 28 643 36 465 81 608 95 792 97 473 132 992 157 152 216 950 294 375 303 877 329 133 392 380 399 999 424 468 444 39 447 755 452 854 458 90 462 333 469 231
27 543 50 101 76 205 88 494 101 271 139 957 148 125 194 384 196 37 285 818 296 245 335 485 354 551 369 857 391 603 403 832 415 292 427 531 434 865 461 544 499 493
7 326 116 323 143 942 192 858 199 682 204 178 205 668 274 176 300 193 304 251 309 80 323 49 350 472 351 16 385 925 387 85 405 724 415 994 420 748 437 241 448 897 452 178
14 943 27 640 28 513 84 699 85 980 104 758 208 198 261 11 284 715 292 19 310 181 337 531 344 481 402 320 409 898 416 98 435 881 451 116 473 726 482 858 486 695 495 908
0 413 24 569 26 107 89 329 112 428 128 899 162 635 171 126 198 849 210 712 226 979 241 234 255 867 275 975 371 437 392 697 404 662 414 393 432 211 463 645 497 613
22 304 35 679 63 750 68 956 78 383 104 326 106 214 114 989 124 222 133 799 142 117 151 20 155 436 162 969 171 436 189 326 203 401 207 300 216 539 235 797 260 603 272 758 338 986 381 687 417 868 420 919 424 902 456 31 463 988 472 165 494 18
23 999 45 77 69 539 74 646 98 472 128 952 155 865 181 825 182 414 196 309 211 382 221 885 225 194 230 642 279 842 281 413 288 325 295 627 296 499 298 833 329 967 377 495 412 182 496 131
38 553 49 407 58 746 71 765 81 385 95 764 121 127 131 678 141 635 160 354 173 765 183 873 221 722 230 8 240 352 263 20 274 408 284 518 291 102 373 30 389 143 391 183 407 248 426 10 433 7 456 654 475 96 487 647
38 153 47 227 74 338 191 945 200 261 235 240 245 453 281 238 297 38 331 600 336 682 405 276 406 367 407 878 408 617 417 35 433 184 466 36 471 935 478 396
15 861 21 671 26 54 31 173 36 912 112 952 136 710 141 832 166 616 176 829 180 865 222 813 230 732 290 278 292 44 314 674 320 544 337 994 355 58 359 755 360 376 364 565 369 697 378 789 406 698 450 57 459 606 465 237 478 787 496 848 499 753
0 677 24 668 62 631 100 412 158 199 170 179 209 684 268 672 284 657 309 561 407 709 415 818 422 285 428 131 433 789 456 995 476 303
18 120 33 77 67 355 89 191 91 784 93 292 134 176 140 878 160 596 206 511 234 296 235 771 255 583 312 742 349 108 357 213 395 240 436 972 464 885
10 958 22 840 47 628 48 870 124 192 137 602 153 105 194 187 200 414 224 202 256 250 271 221 289 942 308 721 322 399 331 884 375 467 456 181 457 685
42 495 43 644 49 50 79 445 89 975 105 215 109 471 159 149 167 768 180 962 241 675 256 328 279 342 289 214 316 324 346 772 361 36 379 607 386 325 390 574 405 198 446 757 448 564 452 638 460 889 462 301
58 601 62 186 65 934 68 255 96 788 110 772 136 705 137 840 156 97 165 783 205 579 216 649 218 979 237 368 276 794 301 815 317 184 329 623 349 752 354 767 374 397 394 248 404 932 433 791 458 156 499 57
24 509 42 329 56 706 60 660 98 717 106 22 143 151 155 952 180 812 216 617 280 262 299 382 306 959 308 344 315 503 330 681 386 636 401 127 405 176 412 198 422 462 441 766
20 427 63 834 94 346 100 493 144 1 158 182 160 969 193 709 224 707 247 875 251 763 261 889 263 353 273 500 314 854 320 235 323 870 332 420 335 256 353 664 357 455 358 345 362 491 368 585 380 155 438 66 443 378 475 25 477 644
19 902 28 886 46 5 52 626 65 314 144 690 165 377 253 247 269 849 299 325 301 533 328 759 333 278 349 284 382 831 385 31 419 254
22 506 60 673 64 385 65 497 66 439 77 83 99 793 115 912 124 555 140 492 161 856 164 394 172 703 180 804 182 407 193 883 203 747 228 276 269 390 293 250 334 931 336 855 340 62 356 606 358 86 393 261 409 212 421 522 427 799 453 884 457 950 462 301 481 779 483 51 486 651 494 644 497 876 498 949
15 623 16 705 24 440 45 132 50 176 136 353 153 558 170 976 191 642 197 518 266 894 298 782 302 664 325 35 364 674 376 210 384 336 415 544 454 283 460 861 465 608 466 981 478 618
38 159 39 892 43 94 113 362 114 183 118 882 127 154 142 759 219 367 243 450 260 36 313 142 315 405 316 354 350 812 379 828 405 858 446 627 452 487 479 154 482 99
8 108 26 694 46 841 75 140 128 338 164 23 173 806 174 138 196 698 207 243 266 822 268 64 275 994 282 376 304 533 313 180 317 943 374 812 377 628 400 271 405 905 422 778 437 255 475 775 478 721
12 411 14 702 37 898 57 822 59 320 73 417 96 261 99 218 134 491 164 131 192 999 239 657 249 968 305 832 318 446 354 974 362 921 364 95 365 548 375 924 396 951 419 666 439 512 475 832
55 9 58 91 70 676 104 528 115 513 121 391 135 905 152 128 194 366 197 97 203 483 208 586 209 598 228 184 239 631 240 5 270 226 311 248 389 102 393 981 420 37 427 460 432 748 441 577 446 502 448 788 466 877 479 876
29 308 34 677 98 533 122 751 187 530 213 798 217 168 223 768 241 208 249 767 305 34 307 128 336 134 337 471 369 220 377 438 380 115 421 383 426 67 467 918 495 918
7 570 59 424 74 286 89 668 101 151 119 267 126 66 223 258 237 345 240 562 252 221 303 416 304 105 319 368 333 188 394 690 425 319 428 900 445 863 473 810 489 442
1 90 40 754 57 609 64 727 124 993 137 149 164 940 165 400 175 320 184 312 227 719 238 573 251 631 280 936 362 999 395 610 402 201 421 238 427 268 435 913 453 338 469 163 490 488
5 926 33 148 35 65 69 774 73 878 135 165 144 86 146 244 207 483 211 254 232 223 234 959 245 218 281 172 312 491 328 940 337 915 338 433 342 934 370 86 374 551 406 339 490 397 492 93
23 286 34 427 69 993 82 838 107 738 110 440 144 567 152 937 156 661 167 572 169 396 234 265 252 23 253 389 323 858 345 185 350 68 370 901 377 328 381 403 402 666 412 703 419 189 441 379 464 591 486 789
18 985 53 787 94 718 112 395 130 426 151 346 176 693 221 728 248 280 285 231 289 254 303 323 305 534 316 991 318 361 331 257 334 623 364 289 367 301 375 738 414 520 472 100 474 536 487 393 490 335
1 43 18 660 67 600 69 714 88 230 104 293 111 671 143 857 159 659 174 536 213 486 257 299 261 126 287 284 321 425 323 857 335 66 338 112 343 565 410 180 444 996 476 223
23 447 36 990 53 790 81 736 108 529 149 904 153 353 169 785 201 340 209 108 223 215 226 826 239 635 244 790 267 548 316 80 339 135 369 92 388 254 408 993 453 816 477 466 493 711
33 333 36 447 91 782 104 35 146 467 182 928 251 151 272 605 280 680 324 607 338 303 347 597 387 103 393 292 396 924 410 895 447 937 451 29 453 555 476 149 499 308
24 608 72 667 75 534 138 224 158 407 177 145 192 913 197 382 223 606 239 783 317 32 322 655 350 991 357 24 366 697 375 696 380 737 393 2 398 906 464 361 467 288
16 939 46 32 75 807 80 690 88 147 124 891 140 855 167 19 185 591 191 239 228 44 248 736 260 603 271 106 306 703 315 892 362 14 472 921 494 221
4 984 25 931 52 360 60 43 67 319 75 925 80 947 94 947 118 314 166 102 198 236 207 795 226 29 241 977 243 220 246 917 275 988 326 286 341 524 349 168 432 43 439 812 447 476
7 292 17 885 23 644 25 142 43 141 47 506 98 266 104 126 107 886 163 361 164 152 171 172 178 405 185 784 195 96 217 918 232 117 234 880 244 370 263 832 281 275 324 124 408 537 465 656
6 963 25 326 61 482 93 41 99 58 115 814 134 916 138 521 139 87 143 493 156 912 157 850 175 907 207 447 234 293 243 225 247 642 254 924 332 317 339 969 373 947 421 879 427 514 430 150 434 553 439 273 440 759 463 454
38 290 67 358 73 532 81 508 84 414 99 920 139 177 178 325 186 690 198 614 201 810 306 619 322 597 330 641 376 368 384 881 390 737 408 345 412 105 415 470 433 411 434 9 452 945 459 211 463 8
16 469 31 476 64 960 70 250 88 973 92 166 95 582 106 555 108 919 149 649 161 26 177 665 234 638 242 523 276 18 289 878 291 811 323 6 355 592 360 963 368 207 388 261 420 366 446 915 447 624 452 112 457 82 482 463
4 659 18 589 26 950 45 70 51 266 59 748 62 235 66 816 76 75 108 379 122 996 147 346 149 371 151 459 157 895 170 924 231 849 234 526 253 729 289 68 294 158 299 385 305 632 314 912 355 423 357 314 370 494 411 686 413 658 437 729 476 363
93 136 127 586 141 100 173 983 251 536 259 544 260 484 271 180 336 538 342 232 358 34 369 332 401 658 403 624 437 893 469 253 489 696
21 593 32 465 37 677 78 859 79 730 102 101 110 756 117 928 156 854 176 547 301 69 328 284 335 481 342 168 353 232 369 567 390 292 392 511 411 85 416 50 421 227 422 683 443 122 451 394 464 710
2 703 6 260 14 176 30 340 40 118 76 362 82 473 117 30 118 685 156 717 166 686 171 932 178 759 179 149 229 369 240 151 244 765 266 784 268 24 299 665 329 501 342 649 353 3 359 945 372 885 396 220 397 759 402 482 411 868 419 502 428 400 448 197 467 432
57 487 72 152 75 491 97 269 114 339 128 115 168 552 185 416 231 114 248 456 252 575 263 488 271 150 294 356 324 965 326 332 330 695 336 174 337 221 356 138 383 361 411 735 446 203 452 247 464 483 469 941 488 545
32 184 58 442 66 357 99 11 114 765 154 110 157 410 167 439 168 852 181 599 206 213 248 758 261 304 268 243 270 540 275 417 346 482 364 613 367 442 402 819 408 147 409 864 425 699 437 250 477 282
13 959 42 138 71 471 188 196 193 669 201 913 243 614 257 481 263 13 270 720 279 88 313 737 343 376 402 255 427 25 433 799 437 206 471 981
4 955 12 581 48 648 70 620 81 451 93 292 106 81 130 299 134 724 164 779 180 122 192 196 232 755 246 760 298 669 303 630 311 375 326 637 335 172 337 483 353 730 404 7 406 687 411 271 431 480 433 659 491 987 496 302
15 539 20 351 42 698 80 848 98 504 106 538 125 216 132 347 144 47 156 853 213 942 235 60 290 580 296 414 367 684 370 627 429 598 441 266 445 267 446 486 472 242 477 771 478 743 485 728 492 739
47 20 76 967 112 1 118 219 165 25 171 983 189 878 223 466 224 830 288 926 294 877 301 869 315 508 340 648 341 41 360 165 366 848 376 309 414 134 420 339 434 805 437 706 453 995 470 642 482 213 495 993
24 17 33 558 41 470 59 273 88 5 103 490 104 618 114 82 116 297 211 478 217 476 224 763 255 24 268 330 274 512 281 187 296 615 310 624 312 732 339 363 349 578 379 238 388 591 467 494 468 542
1 791 14 951 27 891 32 722 39 534 44 474 84 914 118 690 119 435 165 307 167 826 185 225 195 182 200 113 267 197 271 660 299 171 336 818 361 738 381 854 399 291 407 808 411 314 414 818 445 987 460 480 496 612 497 137
6 455 13 213 18 281 35 533 37 701 86 336 131 695 148 123 162 849 165 874 167 882 182 430 196 724 237 529 252 146 264 847 267 575 304 691 307 365 365 604 390 977 393 566 406 301 437 583 440 341 461 653
11 106 15 955 75 896 76 839 108 602 165 576 170 717 182 346 183 995 194 991 218 255 225 981 239 303 261 807 283 512 290 65 292 322 315 873 329 908 340 517 344 940 393 592 400 483 406 545 427 286 431 685 438 537 449 418 481 749
5 176 41 588 69 986 107 476 127 711 147 404 196 746 199 29 220 66 289 598 297 955 299 894 310 15 315 581 354 860 356 122 359 902 371 963 459 391 467 257 496 21
1 496 29 673 34 884 47 77 48 949 80 224 93 416 109 952 149 360 164 543 201 603 206 22 256 522 301 840 303 586 306 12 313 46 319 173 322 179 326 473 373 859 411 323 432 779 439 573 483 704 489 430 497 649
8 121 14 270 92 136 122 442 125 796 140 309 142 671 146 628 156 673 173 197 176 653 183 370 205 671 212 239 233 348 250 254 261 162 263 33 264 681 271 808 317 423 331 730 367 789 371 594 386 198 400 72 410 68 420 765 427 167 428 369 467 50 473 324 488 728 492 758
45 474 64 100 71 205 76 387 103 248 106 289 128 445 141 390 166 580 189 854 243 214 248 852 278 601 287 972 293 69 304 371 318 152 335 622 362 505 377 144 389 889 461 169 477 771 485 97
6 285 23 873 37 757 73 130 118 334 150 313 163 260 187 967 198 525 209 797 277 425 306 726 312 839 314 972 331 992 348 684 394 706 396 756 399 282 433 912 484 445 486 355 491 888
24 520 45 256 46 891 57 617 74 642 145 965 258 654 312 783 355 403 371 416 373 945 381 579 417 4 425 773 468 802 498 450 499 556
24 1 35 362 44 422 54 896 81 794 84 138 85 899 94 314 104 915 138 38 143 520 150 701 156 157 173 84 224 8 243 518 253 344 265 512 274 909 295 589 316 254 338 83 342 416 348 543 358 753 388 71 391 962 398 525 425 400 427 701 429 888 442 436 456 886 491 747
4 732 8 393 59 395 64 65 90 523 91 761 149 632 198 562 200 461 213 280 215 171 249 446 258 38 277 673 308 964 318 277 341 815 371 505 380 458 419 683 434 86 495 616
16 37 47 396 55 277 60 136 71 932 95 929 98 762 101 801 102 231 130 933 133 314 156 792 179 669 186 858 231 899 282 311 288 176 310 667 316 888 330 166 390 844 423 516 457 589 475 903 481 49
32 227 34 583 80 729 87 423 88 640 117 791 122 458 161 601 191 44 220 338 236 51 268 893 280 204 307 983 323 227 326 349 356 3 402 430 448 27 452 92
21 927 27 167 63 204 77 881 101 536 110 900 112 330 114 576 117 174 119 578 136 67 163 494 174 857 204 934 235 728 331 931 365 459 383 197 391 43 406 886 415 304 421 82 426 245 441 142 472 425 477 862 478 918
5 897 7 698 29 814 113 331 130 388 160 869 163 534 185 419 197 186 204 787 220 320 228 955 240 905 259 398 320 271 325 139 344 834 362 930 378 825 381 449 408 331 453 647 480 552 495 355
8 773 39 182 79 615 115 355 119 806 122 525 140 110 146 539 185 670 241 575 263 399 268 169 280 574 299 845 379 694 387 967 393 72 395 633 402 155 434 335 437 417 447 680 457 990 465 961 480 572 490 400
1 117 20 172 38 412 42 294 52 708 79 702 81 597 135 355 151 877 187 33 199 706 201 25 225 820 241 524 270 550 304 198 319 660 336 165 351 221 417 399 421 168 487 961
16 763 25 627 35 673 49 846 55 727 60 43 85 748 90 359 91 130 109 352 183 277 208 240 210 423 217 499 229 923 232 462 272 378 346 932 354 962 359 544 363 160 364 917 390 99 419 161 431 870 483 879
20 362 21 976 45 82 51 623 56 917 92 658 100 246 126 254 170 432 197 227 216 301 221 298 222 645 224 229 226 299 227 479 228 571 234 980 239 878 282 37 290 774 302 364 317 820 318 821 322 523 345 169 346 942 357 116 373 615 392 16 451 441
21 850 54 207 69 589 80 439 95 827 126 417 130 359 168 647 175 439 224 879 235 107 237 164 246 93 250 235 262 431 266 737 288 67 326 551 334 988 358 832 405 449 414 116 416 83 422 385 449 38 465 999 472 416
75 310 118 649 130 188 145 953 153 170 179 939 249 105 294 191 308 573 316 248 334 314 355 214 363 154 370 918 391 350 419 951 486 351
32 822 34 239 51 104 59 161 68 178 155 331 159 290 162 127 167 538 176 457 215 854 249 835 266 583 299 142 302 12 331 89 379 183 384 144 387 647 394 558 399 269 409 171 416 220 424 987
5 774 30 134 63 994 85 866 93 969 95 519 103 920 123 801 135 738 178 910 186 541 201 356 210 52 251 932 253 983 255 184 269 1 316 859 332 371 338 86 350 378 402 182 407 791 437 290 463 44 468 98 470 280 493 89 497 136
144 594 201 36 215 686 225 172 246 868 253 486 256 450 259 291 265 941 278 431 282 133 287 618 304 254 311 668 331 876 336 362 338 930 346 495 358 635 401 28 420 201 424 587 450 406 459 360 463 253 465 818 490 460
21 133 49 835 51 492 70 450 85 968 94 882 101 779 104 496 130 356 139 169 169 859 177 322 180 24 181 536 202 169 228 335 268 431 288 959 305 10 313 154 314 1 315 731 331 104 339 468 372 609 399 131 475 620 499 397
6 306 24 394 59 108 60 803 63 368 83 261 92 875 103 865 106 449 156 551 177 160 184 456 187 111 191 78 204 764 211 937 253 896 289 910 328 536 333 132 365 369 387 49 403 478 419 899 442 775
6 640 32 449 39 115 52 289 71 686 107 192 122 214 132 659 191 693 196 559 235 13 256 156 268 998 271 805 282 594 296 966 335 767 341 603 369 30 397 649 402 410 403 490 406 143 445 764 455 119 467 565 471 296 475 730 498 973
15 849 30 484 87 668 128 36 131 706 133 634 169 536 198 633 204 228 221 697 237 336 240 392 246 382 268 280 272 958 282 903 286 403 311 869 342 414 343 140 355 839 356 265 366 513 369 283 417 187 420 970 486 774 487 79 496 401
3 853 44 719 68 249 76 579 91 164 128 281 151 565 169 740 172 787 176 334 183 371 218 242 242 750 276 368 284 424 290 941 298 543 314 73 348 424 365 158 376 3 400 334 402 439 434 671 451 12 483 720
19 63 32 868 67 208 96 117 113 571 164 780 169 23 212 442 219 787 228 315 229 309 279 789 280 498 291 239 302 563 310 747 316 291 333 74 339 465 348 931 366 887 448 438 472 241 476 327
40 572 61 683 80 436 134 437 142 396 158 356 187 887 239 220 264 282 290 250 328 762 344 656 353 639 357 43 378 381 379 190 425 321 432 595 437 142 459 853 472 431 478 739
16 678 29 473 56 450 87 940 100 714 149 17 158 418 168 652 185 333 232 213 251 119 256 383 259 48 267 578 268 578 307 357 323 591 377 735 389 81 397 422 410 429 417 578 439 865 446 225 466 992 484 758 487 834
1 231 43 791 45 328 74 911 91 297 118 841 146 17 170 346 176 580 177 842 192 972 205 753 209 32 216 541 246 821 263 249 274 182 303 858 310 915 344 375 424 124 454 333 474 454
37 525 43 333 51 95 66 581 74 454 88 611 112 257 126 650 133 534 219 503 220 702 223 914 261 48 264 493 266 881 274 17 287 904 296 858 341 46 359 544 361 222 373 999 407 234 452 620 457 166 472 969
39 587 49 79 83 769 85 403 137 89 151 864 154 903 163 585 176 169 250 922 258 92 308 712 323 663 352 571 376 484 394 733 397 438 423 942 447 125 451 998 468 737
13 387 19 293 53 596 127 701 136 693 147 431 161 44 168 907 197 605 210 298 223 167 249 839 256 800 260 606 263 377 264 732 279 84 287 112 332 721 358 552 362 983 364 30 380 91 384 665 386 207 458 505 475 25 498 111
3 669 33 7 35 505 38 289 43 84 87 876 108 416 114 823 115 375 119 937 151 629 162 719 204 313 210 527 267 455 309 225 366 378 425 655 430 273 434 900 436 778 471 493
13 800 140 224 149 347 167 527 190 107 203 925 205 414 207 912 210 380 224 510 235 152 238 795 261 51 270 317 296 27 312 211 320 110 333 912 347 632 367 744 370 316 432 294 449 656 455 328 490 546
27 914 93 779 94 598 102 489 107 414 121 679 130 928 168 469 186 416 199 978 221 63 255 429 267 783 299 708 326 917 345 280 364 942 387 48 423 639 436 458 456 288 496 824
8 734 24 888 72 215 85 277 153 506 169 607 212 52 217 394 231 885 239 962 257 72 266 977 272 871 300 966 323 846 328 104 338 893 353 414 361 176 401 16 426 639 441 338 465 934 484 783
26 325 31 679 34 939 54 29 62 115 75 551 88 26 98 683 116 498 124 792 129 198 142 601 143 658 146 589 151 647 154 966 187 920 194 694 202 222 241 437 260 837 284 330 327 556 331 425 351 195 393 975 401 367 429 369 441 680 443 56 450 673 460 557
5 133 42 74 74 803 78 324 91 752 161 491 170 700 197 675 216 570 261 908 275 564 294 216 336 896 341 546 345 743 371 34 386 952 444 726 484 795 493 409
31 410 35 430 54 45 65 249 73 371 88 782 108 868 109 625 135 553 148 788 165 613 170 160 203 731 220 694 226 40 266 521 267 951 275 647 311 209 375 323 384 933 387 986 397 350 444 712 453 974 475 360
5 998 69 224 83 339 94 20 95 484 129 739 160 252 169 69 178 258 185 546 216 279 248 117 272 514 281 615 289 663 292 892 308 689 320 531 321 873 332 144 360 801 401 297 404 129 408 888 420 751 423 97 435 691 465 900
9 998 10 118 20 590 22 992 60 774 63 367 85 739 96 690 100 221 109 724 132 494 147 147 172 322 189 182 223 386 239 731 251 178 270 843 293 958 296 971 320 719 324 11 331 133 348 832 353 704 363 386 375 596 391 894 402 690 460 314 461 227 495 478
26 200 72 40 93 335 99 819 100 920 114 250 116 243 131 456 135 776 145 765 150 686 173 161 199 436 224 605 285 543 300 971 322 335 324 243 351 718 364 588 385 780 401 476 454 705
1 565 43 195 64 458 81 282 134 548 138 495 157 166 159 839 206 935 208 647 228 826 233 940 238 279 258 843 261 984 270 975 338 510 350 578 367 28 385 248 416 719 466 434
81 259 97 628 139 590 144 176 146 18 160 595 181 946 189 664 217 650 261 806 262 960 286 814 289 634 344 33 348 848 386 114 412 102 413 964 446 822 461 854 469 177 495 642
9 159 29 791 32 199 80 622 84 275 89 723 108 596 115 482 127 421 155 812 170 466 204 672 206 487 218 613 229 140 281 163 290 178 364 504 373 44 383 11 396 54 401 64 405 536 413 259 476 488 491 554
3 70 16 466 19 800 20 200 38 857 43 442 56 630 73 189 79 11 127 899 188 190 192 705 205 554 282 732 302 384 309 688 323 168 327 33 328 956 396 374
13 370 14 876 90 183 118 834 129 781 184 927 253 701 254 722 270 193 323 198 344 280 345 135 347 476 356 881 392 806 393 101 442 39 455 264 470 292 482 243
31 597 35 705 38 492 51 162 54 837 62 781 66 617 119 640 125 320 155 173 169 34 201 846 238 76 241 533 264 145 327 564 336 215 338 323 342 211 381 773 392 753 433 321 436 246 439 510 444 619 446 57 458 20
25 748 58 821 70 958 143 521 185 818 198 304 204 583 209 291 218 897 239 980 242 112 273 199 283 320 284 14 321 905 331 456 430 934 441 793 493 220
19 240 33 516 50 168 107 847 132 345 140 884 145 526 146 786 148 287 170 756 197 43 203 152 221 491 227 620 248 712 269 846 296 936 308 326 311 374 316 1 355 454 371 680 418 50 442 604
22 665 27 829 31 840 50 482 86 582 101 56 104 310 118 369 121 994 135 397 143 499 150 868 155 512 173 180 209 109 223 962 234 291 317 196 340 135 349 696 355 892 356 360 359 25 373 914 398 450 403 319 406 144 452 192 465 151 468 614 492 51 494 415 498 99
8 445 36 876 57 669 100 944 130 805 169 799 196 505 220 455 246 81 247 173 295 126 314 598 358 343 364 283 369 64 395 362 444 876 464 338
9 771 71 751 92 196 189 54 200 665 203 566 211 671 239 598 257 659 268 799 270 388 303 649 390 804 392 521 426 706 428 546 459 224 463 667 482 183 494 361
49 895 71 264 80 347 85 667 91 335 118 884 131 634 133 925 162 465 169 591 192 990 230 223 239 592 242 317 254 353 260 847 301 48 313 181 317 665 330 319 346 638 380 808
3 346 18 577 61 23 63 408 95 11 104 684 125 397 192 899 202 745 204 844 228 80 236 57 242 187 246 989 251 167 257 629 261 926 264 925 278 620 284 138 294 815 301 174 321 776 335 820 345 577 346 726 426 240 442 460 462 922
49 774 68 265 70 840 100 634 104 63 105 126 109 441 110 437 123 633 141 841 177 770 207 331 223 320 236 22 255 660 273 45 292 473 335 293 344 403 348 10 353 961 359 154 400 787 446 552 460 529 473 550
8 457 56 34 69 591 101 258 106 236 119 848 121 948 136 179 182 900 226 117 246 359 289 173 343 807 378 328 409 990 432 300
2 261 32 83 35 119 47 129 71 700 72 359 96 355 108 504 111 283 115 929 131 580 135 655 214 536 216 57 219 824 266 361 278 604 280 354 284 521 358 648 363 828 376 974 427 971 432 75 442 159
25 342 36 22 43 803 51 661 83 473 90 178 96 637 109 151 130 763 131 810 138 65 145 158 230 399 241 543 266 309 270 89 305 458 321 131 333 873 334 402 396 471 405 729 411 622 461 312 463 258 468 330
10 694 36 597 106 687 147 674 193 164 197 933 207 218 211 646 228 734 242 988 251 772 296 455 312 796 313 853 329 843 355 332 359 622 394 120 411 185 433 333 444 95 460 145 461 178 462 875 464 251 472 181
30 381 48 72 58 5 94 822 101 229 123 64 147 8 221 941 251 447 254 351 265 624 277 832 329 574 337 818 345 643 348 809 423 415 464 686 472 700
0 212 111 312 150 894 158 619 183 11 232 966 254 907 255 937 271 13 281 163 290 540 327 767 337 61 339 615 372 102 396 604 419 932 426 191 440 369 450 354 455 763 469 11
20 548 32 567 34 265 38 954 70 832 91 690 92 902 122 553 139 70 166 468 170 752 193 624 197 699 210 642 228 325 230 633 243 494 276 44 282 847 311 945 318 321 356 197 455 460 472 239 492 565 499 741
61 478 106 300 114 154 149 658 220 659 245 212 277 351 337 746 339 123 340 398 347 92 412 884 438 729 472 812
34 800 46 558 63 868 68 885 75 710 155 934 170 558 181 185 250 644 266 455 268 60 276 943 280 221 293 572 311 723 317 856 328 8 377 252 378 121 389 180 415 377 463 857 474 655 488 411
12 287 16 130 53 90 59 877 61 791 91 58 129 818 172 883 236 427 245 570 253 317 302 841 303 12 317 531 339 890 341 718 345 456 390 402 399 802 414 286 417 115 457 458 490 808
7 733 45 131 58 727 76 136 78 822 93 271 136 651 173 161 176 953 192 108 241 962 269 409 280 528 290 917 352 277 381 431 396 169 413 741 439 74 490 478
0 287 34 178 46 83 49 805 62 296 80 867 95 629 110 925 116 207 118 61 121 622 124 447 128 843 137 976 147 79 185 266 235 172 277 939 294 805 299 963 302 347 310 357 319 18 320 500 343 903 364 92 366 83 380 987 382 56 391 953 400 133 401 24 442 513 454 984 473 634
32 96 44 194 91 595 100 592 102 422 124 126 125 970 167 816 185 858 197 90 231 550 259 651 285 61 306 593 322 555 421 367 431 183 487 950
5 378 14 30 18 204 33 497 42 917 77 30 117 270 172 41 175 258 182 803 186 74 197 783 221 840 231 221 242 7 243 289 246 547 335 916 355 130 369 710 447 50 450 629 462 967 482 629
6 681 13 685 34 312 81 958 89 395 94 3 112 843 127 337 139 31 145 857 166 434 205 186 213 729 214 8 225 455 237 497 256 481 273 209 293 80 296 523 328 368 352 949 390 17 405 25 458 589 466 183 494 363
46 701 67 223 74 507 89 913 99 597 101 646 110 400 112 413 122 434 124 108 125 446 154 268 176 247 182 24 198 725 207 223 222 637 305 442 309 749 314 529 334 163 349 259 363 677 387 337 401 926 431 430 444 267 460 65 466 736
24 601 27 975 46 262 51 641 56 559 63 867 80 351 93 130 100 286 208 752 238 213 249 377 250 207 264 422 271 9 306 178 323 119 329 868 338 339 341 230 353 897 378 685 381 444 383 298 390 5 477 550
45 21 52 500 73 866 78 697 89 412 117 339 138 388 161 980 184 60 210 865 224 349 227 325 233 966 273 5 282 99 401 629 412 412 436 260 451 697 459 67
8 746 21 953 22 534 35 902 43 833 140 184 141 769 147 305 169 421 185 899 258 650 261 169 262 657 311 448 319 143 320 547 331 243 363 217 377 133 399 769 435 395 462 762 480 456
18 775 44 783 87 59 101 941 137 667 149 518 156 830 192 738 199 194 241 218 254 768 262 528 276 442 280 809 283 837 288 464 290 343 292 27 298 568 315 509 330 794 339 821 371 48 378 715 388 72 414 380 418 563 421 22 456 55 472 338
2 415 5 625 14 262 51 212 52 345 105 271 122 389 128 898 142 13 155 194 158 565 188 570 207 585 220 646 280 43 288 117 292 48 309 257 317 640 371 279 433 763 452 64 481 96 487 113
5 320 20 625 37 330 38 885 68 441 96 385 100 474 118 176 123 719 133 99 140 56 144 715 163 457 168 70 169 725 179 180 192 604 219 996 239 187 269 955 274 758 304 443 333 932 359 195 380 165 387 378 393 264 418 893 427 896 442 603
14 33 16 400 27 45 85 161 91 737 101 839 140 69 164 184 212 606 260 859 272 106 304 216 330 779 358 229 387 485 403 164 415 421 416 480 424 865 456 680 466 549 471 672 483 303 499 176
3 554 4 374 24 345 36 558 58 344 78 344 102 232 118 827 133 198 154 825 166 167 179 634 205 709 229 217 250 292 365 294 391 702 392 851 427 275 445 401 453 210 460 635
3 539 12 70 33 506 40 904 80 2 82 705 112 781 163 246 198 426 221 763 230 240 233 775 255 189 282 771 301 430 304 774 365 516 385 463 407 1 417 663 420 594 427 509 430 839 434 635 438 123 469 719 488 73
49 462 70 877 90 451 91 428 97 624 98 266 125 256 131 975 147 409 176 815 179 381 201 819 208 829 212 974 243 249 251 264 261 158 262 486 272 154 311 335 328 621 334 77 336 901 338 900 355 283 357 900 377 54 450 745 455 223 478 883 497 626
22 266 44 775 61 371 81 63 95 46 100 444 115 519 120 137 141 239 231 874 236 474 249 213 254 639 255 804 270 130 274 574 276 517 279 158 289 746 300 936 332 795 357 901 368 905 399 631 406 481 454 965 459 911 461 493 474 626 484 487
30 204 93 341 185 967 220 910 226 947 234 504 244 768 246 805 260 438 274 413 287 932 292 175 297 157 304 785 340 970 361 942 379 772 411 939 439 263 455 722 459 557 481 775
35 841 108 534 131 565 183 62 236 140 286 452 303 903 309 904 328 467 333 576 392 249 403 86 428 671 431 540 432 587 448 513 462 477 477 256 484 809
5 315 6 488 52 828 72 702 77 950 112 493 119 337 146 359 147 469 208 698 222 813 227 299 236 164 241 22 290 752 312 86 318 221 322 502 344 90 375 212 425 897 428 972 450 125 487 463 488 732 493 335 497 268
6 145 7 775 33 238 54 546 77 736 120 535 170 802 187 640 218 407 228 871 244 908 291 392 293 43 300 90 304 176 323 47 327 15 330 482 351 465 395 325 405 611 408 511 409 611 414 96 420 3 438 361 451 359 457 537 466 117 474 798 491 810
4 30 7 546 16 580 54 145 66 430 89 363 90 356 104 446 113 472 129 39 135 324 163 833 181 533 183 12 195 649 212 417 225 513 236 607 254 999 264 738 269 379 288 590 314 19 324 115 328 705 346 46 354 256 357 220 377 91 378 871 382 186 396 752 401 970 413 409 425 918 479 148 489 656
18 454 26 417 48 316 54 288 74 447 175 733 248 731 250 494 259 303 305 775 307 908 332 634 333 284 338 208 339 97 344 978 348 775 350 445 353 358 357 153 365 127 367 422 375 569 393 902 401 413 424 628 430 114 470 473
7 419 24 622 61 94 65 798 125 891 148 705 177 638 203 891 227 27 244 169 260 318 274 478 276 799 281 646 282 930 290 165 297 573 306 899 318 90 373 359 377 490 381 894 382 470 387 418 413 684 424 730 425 105
6 103 37 398 44 590 45 793 84 946 108 1 112 893 136 331 137 296 237 583 309 542 349 778 356 166 374 149 376 189 385 216 418 420 419 922 442 234 443 618
3 573 8 410 54 449 145 581 165 740 200 998 278 890 299 197 300 801 341 469 375 113 382 281 391 652 436 301
33 363 39 343 42 52 113 746 158 108 166 473 185 956 214 599 230 289 246 772 262 533 273 702 296 614 302 962 307 232 349 614 384 486 405 150 431 780 433 82 440 519 455 543 465 520 480 474
15 455 20 896 33 807 40 417 65 675 100 368 107 616 128 685 135 183 145 859 177 831 199 495 283 360 300 10 304 992 307 250 327 329 332 795 338 877 344 317 358 231 362 629 365 886 374 759 383 222 389 790 392 463 411 451 412 533 435 610 436 560 454 457 455 556 495 844
40 145 60 688 69 875 190 114 192 674 225 61 237 86 246 425 257 471 261 574 332 944 358 368 362 442 364 394 402 599 469 29
3 234 10 30 27 482 54 685 56 706 80 820 85 344 93 149 102 899 109 286 150 567 175 449 236 682 251 493 265 731 290 528 321 405 385 744 408 997 410 307 442 372 461 948 480 207 483 527 485 175
13 897 14 818 51 906 73 26 127 69 183 472 187 866 262 392 275 51 306 84 321 548 334 355 346 514 392 752 400 387 401 365 428 543 468 593 483 488
92 331 98 686 103 223 110 185 128 758 129 424 146 625 168 436 179 679 180 422 206 606 237 964 272 242 288 296 291 960 298 817 315 370 328 659 357 156 365 116 369 359 389 711 402 539 406 855 445 124 459 318 472 396
6 568 20 726 54 649 67 559 115 23 116 432 144 102 148 324 159 732 235 439 250 512 311 797 361 557 365 310 406 579 413 19 416 20 432 654 446 895 453 273 470 603 480 686
5 448 51 118 71 780 109 687 115 307 127 826 157 172 164 482 166 948 182 764 186 412 218 736 226 969 307 553 316 888 329 120 333 633 339 695 343 212 351 288 352 200 355 431 383 505 389 440 426 408 483 637 489 217
1 515 7 479 20 901 101 437 120 800 126 412 128 883 129 970 131 510 198 173 268 900 277 234 281 359 306 260 313 265 324 531 357 64 395 144 401 921 427 137 428 240 445 313 452 997 486 633
2 29 26 572 56 703 59 653 78 465 118 209 144 336 180 705 222 642 294 57 298 1 310 102 334 690 357 140 372 28 399 255 417 885 422 755 459 804
1 50 20 375 21 413 50 525 66 173 88 210 103 929 117 628 124 230 125 963 179 191 182 479 189 800 192 806 201 560 205 493 220 902 221 997 227 963 234 262 250 111 290 393 305 955 383 762 389 904 411 20 442 447 450 293 457 14 473 625 498 31
36 300 37 556 66 615 67 362 84 485 87 149 89 56 98 328 162 631 178 513 192 233 237 128 240 402 289 519 294 963 304 794 319 69 323 449 325 575 342 758 380 528 385 543 415 149 429 442 433 624 466 890 470 223 483 178
7 847 10 914 29 852 85 105 90 517 93 165 148 525 150 541 155 135 219 165 221 354 235 801 255 402 256 164 268 300 272 63 283 614 298 735 301 176 324 68 364 247 395 259 433 894 437 911 454 184 471 351
3 683 6 977 39 521 107 947 129 353 203 735 208 324 220 602 245 10 297 66 298 681 343 438 375 328 425 834 442 847 476 457 478 223 479 251
26 810 37 878 53 381 78 9 110 825 144 963 183 425 203 104 249 439 283 349 292 576 308 351 318 433 335 819 337 795 368 445 383 505 403 554 416 986 418 967 446 762
14 641 21 416 93 247 94 381 96 564 132 817 140 433 144 615 159 733 188 132 236 511 263 611 282 379 285 369 299 476 300 657 342 812 344 953 345 649 352 530 386 283 389 19 396 462 401 494 456 618
37 476 45 428 64 709 86 948 94 335 118 104 120 203 125 228 139 627 159 109 160 365 170 929 196 940 209 169 218 950 265 677 285 257 315 739 324 44 336 858 345 775 363 714 384 751 412 140 437 222 479 24 493 782 495 234
53 411 117 152 143 500 162 359 177 220 196 992 211 725 221 200 222 103 227 814 244 838 255 602 261 707 272 256 295 471 301 887 319 682 340 62 380 129 385 172 411 479 454 724 474 361 493 894 498 987
66 4 72 907 153 502 172 398 185 285 197 139 206 973 291 155 311 146 316 829 341 375 413 617 415 363 417 2 431 250 440 333 450 167 470 654 476 971 492 494
11 554 40 758 50 488 56 140 61 946 85 237 124 690 159 911 171 173 219 664 259 681 267 521 268 260 281 3 283 509 303 306 330 505 341 61 362 505 369 655 398 299 403 448 425 625 437 956 443 794
80 362 97 216 100 43 106 336 110 339 147 469 168 428 197 483 221 160 279 657 300 212 302 994 304 936 330 707 344 227 345 268 350 565 401 976 467 472 486 979 493 1
59 642 95 186 140 625 141 721 158 470 168 275 186 402 210 164 222 545 238 222 245 396 249 887 296 549 308 587 312 823 317 922 331 398 355 677 362 820 364 834 369 203 381 628 386 483 398 562 407 400 412 612 416 250 426 876 453 443 471 215 472 269
13 115 42 628 48 785 57 611 68 535 69 629 74 360 92 698 102 362 125 217 134 180 164 248 171 397 173 871 174 329 234 697 235 767 252 885 256 322 259 156 269 893 291 216 308 841 322 331 324 691 333 244 335 514 343 82 347 218 356 847 433 250 493 765 494 262 497 966 498 954
28 407 53 879 84 7 114 784 160 119 185 387 210 264 274 591 282 924 293 414 302 54 317 890 344 625 349 919 353 298 359 870 377 527 404 525 418 16 472 77 494 256
31 50 65 393 73 491 86 420 87 648 88 308 91 560 115 545 128 97 147 351 169 86 171 445 220 562 229 761 270 44 284 639 326 994 331 378 337 780 345 714 354 109 359 24 367 63 384 99 419 769 433 989 448 732 466 524 480 572
6 411 40 858 50 668 51 572 59 104 98 680 112 338 115 749 124 231 129 130 142 41 155 979 216 813 239 492 251 59 255 602 297 917 329 924 330 485 341 406 382 840 414 168 430 89 469 549 482 16
6 678 33 332 67 385 75 663 94 18 111 512 119 824 144 982 161 830 209 380 210 653 212 943 259 962 284 506 306 247 322 715 336 437 344 123 361 395 383 157 392 793 395 111 403 324 406 901 444 949 446 423 448 439 455 944 491 449
53 732 57 455 114 690 142 6 144 672 158 966 188 107 213 445 228 621 238 861 240 657 278 744 291 362 293 393 304 156 306 226 371 377 395 715 410 179 416 266 419 807 430 802 484 563
10 19 53 707 114 780 117 568 118 532 133 598 167 651 177 886 202 975 206 612 260 766 312 364 343 783 356 925 401 852 409 283 429 601 454 201 480 218 483 485 487 996
42 435 54 586 61 284 89 144 153 79 158 322 209 150 324 180 333 45 378 889 397 980 410 212 414 806 447 558
18 167 30 346 51 167 54 303 64 46 71 114 91 838 95 838 98 262 129 572 134 13 135 228 160 485 175 178 178 700 182 468 193 904 302 524 324 927 329 224 370 467 378 277 393 664 394 328 395 653 401 593 447 16 451 885 460 997
16 184 50 124 82 593 115 246 157 202 213 6 228 577 243 387 249 489 250 507 273 60 276 880 280 397 328 479 329 376 335 968 336 403 347 626 380 700 456 295 458 892 499 247
5 370 32 546 34 706 83 101 96 254 107 482 112 308 132 734 159 560 166 590 237 731 244 518 252 174 269 375 308 715 337 274 348 294 378 811 381 439 385 762 388 59 389 257 417 827 422 496 473 669 481 11
28 890 38 701 48 1 55 403 69 928 95 982 116 25 117 196 123 640 153 596 177 665 185 988 208 23 223 876 225 279 237 754 268 47 272 674 311 463 373 624 388 494 400 625 405 509 412 180 489 264
2 9 35 66 36 855 38 666 59 878 65 55 105 994 106 837 107 198 108 326 130 65 179 923 185 476 197 338 213 373 214 358 269 448 360 874 363 984 387 705 417 691 458 469 487 300
4 56 48 115 91 536 110 82 130 302 153 716 185 672 190 518 201 909 212 406 226 563 265 793 295 92 322 320 338 748 340 939 358 404 361 621 365 298 434 698 442 663 482 82 487 597
12 311 18 779 52 181 57 359 61 838 66 972 75 242 91 607 101 846 119 25 146 397 157 459 159 187 182 427 207 297 208 602 230 791 234 103 235 51 323 232 328 395 368 293 379 302 381 415 402 46 470 273
45 305 50 48 64 659 71 211 77 117 83 239 108 389 111 734 129 923 154 660 190 105 191 322 208 896 222 889 228 452 268 18 277 356 283 634 300 348 312 535 372 593 378 339 390 598 428 999 454 775 467 306 477 97 479 380 480 527 488 444 494 269
28 791 46 356 81 859 103 517 114 584 142 227 143 944 144 788 174 92 184 576 273 194 279 486 311 440 391 241 408 105 423 440 430 252 458 203 472 869 487 260
4 418 11 311 16 501 30 260 55 645 114 821 123 146 133 708 143 876 193 615 207 72 208 100 239 228 242 796 259 863 319 887 390 126 394 508 407 818 408 921 417 543 427 97 457 626 464 714 476 961 497 213
20 124 27 398 40 598 50 135 59 186 66 638 70 195 77 879 94 385 99 483 118 73 136 695 167 695 192 623 234 237 238 927 251 382 253 335 289 874 297 194 338 753 358 542 365 753 432 199 433 247 450 206 475 270 482 69
7 877 48 194 95 675 97 997 109 640 116 466 133 182 152 737 183 273 187 548 195 406 198 253 199 229 231 621 244 115 263 731 298 169 331 585 335 298 343 814 351 403 372 513 392 121 396 637 446 791 472 278 478 482 495 555
11 802 13 376 37 582 61 854 78 5 105 185 106 938 108 670 115 946 122 102 146 494 153 777 181 197 182 672 189 768 195 627 199 739 229 713 236 169 272 79 277 983 284 398 287 387 288 842 321 255 334 51 336 669 341 598 443 693 484 118
12 626 25 934 59 836 73 58 90 295 116 870 153 479 183 132 196 67 241 296 274 237 321 661 368 900 411 153 415 581 419 178 457 706 482 681 494 96
0 301 31 860 50 862 106 690 124 940 170 154 198 576 201 724 220 882 226 722 229 610 262 946 272 839 286 242 308 224 321 457 367 506 392 333 414 35 425 379 487 40
16 677 46 31 63 51 98 731 114 965 121 596 145 984 146 275 153 432 175 399 176 564 210 252 227 28 229 713 251 531 264 863 267 441 292 698 306 746 351 270 414 357 416 450 430 312 437 872 452 444 482 671
20 742 27 700 37 159 46 65 77 753 107 225 111 372 117 264 137 508 151 550 153 696 156 320 179 426 196 632 201 654 202 944 258 743 265 475 295 916 311 427 312 346 325 842 340 3 345 688 387 993 391 831 457 457 462 33 486 393
10 178 11 586 25 754 39 805 54 466 107 828 110 664 257 292 343 668 352 214 358 952 361 945 373 768 385 182 389 964 400 538 408 309 444 509 457 655 487 965 489 258
57 979 76 994 101 159 107 484 120 589 182 769 197 893 222 280 247 576 252 922 253 413 287 84 338 649 380 808 429 118 449 854 480 160 496 723
1 306 15 723 16 429 46 426 49 120 55 12 57 510 59 251 68 297 72 903 76 80 85 846 88 435 104 955 110 761 134 760 156 422 166 646 177 20 219 806 229 578 276 91 297 24 409 996 418 274 432 522 433 266 474 451 481 457
23 589 60 833 62 244 93 880 96 137 98 392 102 413 112 698 115 155 140 859 151 504 164 414 168 780 187 260 256 620 273 627 323 599 335 986 349 571 391 284 411 782 437 247 475 827 487 8 495 979
6 676 17 233 23 253 50 893 90 458 98 918 101 249 106 873 113 97 133 271 136 513 173 684 180 971 197 141 204 111 311 722 339 281 362 20 364 796 420 315 466 15 487 241
27 783 42 277 45 254 64 854 73 919 78 534 81 793 107 4 116 448 164 544 176 423 210 359 220 854 235 403 256 373 261 14 267 248 268 915 273 748 298 130 349 133 364 965 365 56 403 324 423 613 459 423 490 945 496 83
21 421 25 920 31 191 38 992 63 630 65 682 69 518 78 849 93 40 99 845 102 572 106 459 136 87 205 506 241 476 257 742 272 850 305 299 313 893 322 469 337 129 348 200 351 969 363 13 364 828 365 575 386 62 387 607 401 969 408 73 437 144 448 181 464 701 469 521 473 992 495 14
20 228 27 691 61 708 91 419 114 859 164 925 167 372 206 327 212 405 247 396 267 810 343 745 359 220 385 422 394 516 439 227 478 821
52 115 54 697 113 779 139 441 153 360 171 594 179 848 257 175 264 723 289 987 307 835 310 73 335 531 340 117 403 302 424 636 476 34
3 613 5 860 43 743 48 127 52 541 55 185 59 108 88 167 95 341 109 533 126 674 134 744 135 951 143 464 144 456 157 660 162 313 209 800 222 944 296 575 298 942 363 788 383 203 388 598 390 79 394 683 418 45 422 550 424 503 438 312 445 10 454 279 468 154 488 208 494 636
15 46 57 277 95 391 111 591 136 453 141 328 149 431 153 745 160 416 172 881 176 471 178 307 180 708 182 781 186 78 206 887 318 654 337 752 400 983 402 277 427 639 431 582 462 986
7 651 31 629 50 715 145 143 186 949 211 212 237 158 240 562 248 201 255 626 294 864 296 651 299 316 307 31 337 894 375 34 377 466 439 337 456 114 459 756 485 790 489 176
0 615 4 63 18 16 38 900 53 58 63 968 79 652 100 792 108 768 120 871 133 982 141 117 156 259 175 64 177 531 185 597 188 182 214 243 228 142 269 507 313 1 350 301 364 239 369 869 375 858 394 197 398 183 426 759 431 490 439 423 448 125
29 95 44 753 58 456 129 587 134 298 148 530 174 680 216 569 218 186 292 660 308 768 331 872 371 534 383 388 384 987 433 499 435 705 448 686 465 753 491 590
2 868 5 710 12 378 14 363 72 421 92 958 123 317 141 437 151 541 186 63 191 272 198 51 208 156 212 726 213 485 229 617 253 397 306 121 337 433 372 792 390 247 401 161 441 528 468 281 488 188
0 524 23 529 29 221 35 660 36 42 100 247 106 479 159 564 248 374 299 623 337 489 354 590 362 234 371 242 397 363 407 55 425 699 435 495 449 501 469 866 476 450
13 156 25 698 112 250 124 598 186 399 187 496 193 584 198 739 205 222 299 889 300 477 317 812 367 584 370 368 375 816 380 426 402 339 406 578 421 568 430 598 436 114 454 221 455 246 484 465
1 100 24 192 58 841 59 33 71 711 90 710 140 942 168 911 191 417 213 254 224 212 225 127 249 231 271 852 273 869 275 974 286 833 314 965 334 314 345 53 356 666 362 204 386 171 387 182 388 768 402 962 413 828 418 358 490 511 493 13
23 741 62 987 82 746 105 705 141 813 145 12 149 692 170 826 178 330 181 694 188 589 222 490 224 665 228 162 236 533 238 922 258 918 279 775 293 869 421 708 431 427 453 60 472 687 477 843
43 291 46 627 51 848 74 689 100 567 131 553 147 142 170 880 177 955 200 314 212 754 217 876 253 680 276 136 295 99 333 891 341 165 349 707 359 542 374 950 393 310 400 926 414 445 415 441 428 595
8 506 42 245 45 560 54 741 79 688 104 765 119 117 131 577 226 675 261 98 301 515 315 864 346 100 373 736 429 216 479 946 482 441
64 873 111 901 132 947 153 126 157 470 176 756 177 686 189 998 201 239 213 661 217 134 220 116 226 128 237 565 253 725 303 372 315 415 333 101 362 583 375 141 377 702 385 947 391 320 411 909 426 568 479 990 494 26
52 775 64 360 99 42 128 986 146 423 154 531 155 852 192 735 203 550 225 41 238 924 249 157 262 878 272 604 279 897 303 669 309 130 336 363 349 434 435 136 459 393 470 501 484 653 499 387
1 128 8 251 12 641 27 481 36 577 38 283 39 940 106 272 122 667 195 834 196 733 202 311 241 594 249 116 260 793 293 534 358 67 380 239 414 241 423 54 437 408 453 392 458 204 477 294 490 372
9 124 34 357 82 688 83 900 98 205 102 704 112 622 124 832 141 286 163 617 218 31 221 249 230 243 280 578 292 244 299 898 306 541 312 266 321 739 323 32 329 409 374 911 388 423 406 898 412 569 443 858
5 998 11 979 45 255 58 885 100 893 106 454 109 626 111 888 175 613 191 966 214 288 218 42 219 939 223 900 225 723 306 681 307 140 324 623 333 992 339 623 347 103 357 630 392 90 393 92 411 80 413 710 438 501 465 575 477 153 478 57
57 899 108 894 118 78 121 918 129 26 132 566 153 703 158 208 162 499 208 167 216 943 226 232 235 634 252 883 301 730 361 302 369 107 385 776 406 275 416 204 417 249 465 442 483 758
33 584 57 205 78 191 99 620 111 232 174 882 202 539 203 702 219 758 230 722 235 478 257 508 285 219 293 296 318 875 321 248 331 920 343 201 389 823 391 82 411 291 473 840
2 383 35 736 51 795 60 538 87 129 91 781 109 541 123 396 127 398 148 650 174 14 203 646 207 549 216 981 242 229 299 477 337 203 341 598 351 442 353 478 361 42 368 744 440 170 458 760 486 936 497 123
30 20 79 374 93 657 147 635 160 133 201 391 239 965 256 641 325 360 343 97 345 707 378 337 380 562 394 286 416 317 417 922 464 599 476 433 478 728 493 737
13 810 15 544 23 963 25 421 79 563 137 776 139 976 148 236 149 393 208 267 219 609 243 474 249 226 272 182 276 299 320 966 384 49 424 467 440 612 455 358 474 883 478 47 483 824 499 268
7 66 14 830 40 595 72 63 107 181 124 958 139 624 145 156 152 786 197 558 253 185 266 629 280 683 285 323 298 555 331 706 343 881 402 338 420 169 428 743 436 524 455 914 470 354 478 627
13 97 58 669 72 126 73 118 124 600 141 531 162 72 189 293 217 312 227 300 238 538 263 813 265 924 270 986 282 221 290 875 296 6 308 224 325 941 326 950 336 953 374 852 405 52 406 587 411 123 415 107 420 984 422 74 442 698 485 456 490 516 496 882 498 577
23 432 43 799 49 356 54 29 101 199 174 448 230 909 284 893 297 657 344 192 356 700 360 477 371 435 399 478 436 963 476 597 487 856 492 189 499 544
2 486 16 350 27 134 39 198 42 268 50 234 106 673 123 783 158 766 161 679 166 708 201 813 234 216 243 156 261 833 287 673 319 384 449 23 481 268 494 381
15 876 18 650 74 441 80 193 112 685 119 976 132 999 135 618 164 913 204 722 212 662 220 516 234 147 253 661 256 241 277 166 282 22 297 135 327 406 383 361 425 2 426 265 457 991 468 44 475 617
33 749 39 32 52 907 72 641 103 659 121 650 153 674 169 161 188 351 190 631 204 252 223 66 283 381 288 271 298 113 344 913 348 115 377 345 391 856 494 948
40 630 45 435 84 100 141 6 151 537 154 424 175 436 179 167 201 663 207 402 223 483 238 95 248 151 250 718 274 591 283 955 361 31 362 332 369 778 381 349 384 872 444 138 451 332
5 507 55 594 87 289 91 577 119 361 131 812 183 305 184 763 190 500 207 790 296 145 310 367 341 279 371 542 393 652 398 148
77 363 89 597 106 222 122 576 141 116 170 79 178 34 201 93 208 852 245 472 263 585 268 521 307 366 314 916 328 14 350 559 384 930 385 776 417 418 437 119 445 592 454 246 490 64
5 125 14 424 83 949 119 112 172 347 197 53 208 454 228 875 229 558 245 516 261 896 279 53 281 494 294 310 298 140 330 649 350 92 370 88 427 351 496 514
2 525 11 966 41 965 63 615 78 952 88 416 94 443 115 968 146 771 177 869 216 932 240 471 248 813 256 609 279 571 289 621 345 656 376 190 401 123 403 317 415 266 425 4
12 729 17 390 18 473 68 381 76 921 79 791 92 110 121 849 125 523 147 495 157 746 180 625 212 771 228 575 277 712 282 637 295 969 336 337 337 217 342 880 381 355 386 32 389 196 417 824 455 865 477 122 486 102
45 52 54 702 66 401 75 792 79 413 102 603 131 738 133 547 142 409 143 986 145 323 159 475 222 814 225 773 238 834 246 926 251 697 269 97 275 928 277 488 279 886 299 73 302 281 330 425 369 302 374 840 393 884 400 717 417 58 458 592
39 899 55 606 58 552 78 51 100 537 115 663 138 900 158 434 183 742 197 229 198 214 241 197 256 4 266 942 269 988 278 319 287 63 291 89 300 653 311 965 314 676 373 418 376 538 419 818 429 98 431 762 465 656 471 975 482 694
19 425 41 245 55 415 60 20 66 495 91 540 93 235 141 400 177 526 193 261 227 728 246 447 258 662 297 689 317 321 319 697 321 313 334 496 344 918 381 479 409 746 450 722 478 998 485 363 486 660
4 363 5 597 63 450 66 262 71 986 101 861 107 126 158 591 159 336 169 793 179 847 200 2 219 577 226 709 228 470 234 981 239 229 262 999 327 402 340 617 344 54 380 773 403 568 418 538 454 676 462 350 465 248 467 103 482 487 490 750
0 622 7 714 26 63 40 627 48 216 51 793 55 645 57 430 71 597 124 207 128 262 131 623 139 367 142 664 150 9 154 132 191 836 257 353 275 270 291 122 325 193 326 909 352 128 361 142 375 335 401 887 410 545 489 69
24 981 25 530 45 158 48 131 126 682 135 432 149 479 168 722 174 567 180 721 182 177 198 910 203 30 205 977 225 95 267 798 362 623 367 182 406 708 411 618 422 678 434 364 440 84 465 908 484 593 491 832
18 436 64 981 76 990 99 833 102 407 123 203 137 16 180 187 220 262 230 38 298 503 337 515 354 47 374 648 382 859 388 151 393 975 412 286 418 982 433 491 447 824 463 133 466 74
9 934 10 394 18 880 56 30 63 859 66 958 72 979 102 682 148 1 154 721 200 938 216 631 340 495 341 740 348 403 430 371 446 310
15 269 18 721 53 574 104 884 127 816 139 716 162 393 166 28 172 75 186 921 190 837 205 705 206 205 215 548 232 679 243 826 258 654 264 115 270 25 284 384 315 106 340 646 363 834 393 704 425 753 436 937 448 269 453 426 462 624 467 728
5 495 12 877 20 819 25 772 51 525 52 757 99 809 122 423 129 827 149 324 160 555 209 822 270 740 279 494 291 539 295 879 336 172 406 544 419 840 449 366 495 954
17 480 63 281 82 255 87 871 97 5 103 641 109 908 117 696 128 941 129 606 179 703 203 173 251 916 254 121 266 569 267 172 296 295 317 207 359 8 415 339 448 785 449 629 464 315 478 750 488 909
45 726 63 480 93 163 95 347 123 505 134 363 192 807 193 60 200 607 235 277 245 121 282 22 285 872 286 105 287 419 294 416 295 93 321 748 364 319 405 13 431 82 468 421 471 483
8 594 51 628 89 661 97 755 104 697 112 795 126 800 157 230 160 293 173 37 216 112 224 214 252 839 309 835 325 89 336 275 367 947 389 543 398 784 402 212 411 674 430 519 454 602 466 611 468 149 489 8
9 90 18 818 66 323 82 952 84 206 104 79 114 666 139 214 150 110 168 727 174 107 178 145 180 682 191 923 196 313 208 135 222 146 243 59 253 320 261 26 286 325 333 532 399 617 400 802 429 315 457 535 460 156 481 464 482 721 490 205 497 779
3 420 18 735 32 409 59 798 108 756 110 242 125 503 128 828 133 775 136 377 214 865 233 518 276 197 292 295 327 762 335 541 342 88 345 827 351 833 368 924 370 957 377 560 419 932 423 294 427 938 432 239 447 960 484 812 494 439 496 574
11 131 23 289 45 753 69 583 107 156 123 925 125 608 139 122 147 176 216 786 218 580 238 118 250 268 256 953 343 301 346 290 360 611 377 193 386 280 387 589 403 132 430 74 458 645 459 1 463 274 475 951 479 680 496 889
5 850 14 484 25 626 33 207 71 597 80 128 174 102 177 205 182 659 183 267 220 631 228 203 242 240 243 210 258 487 263 642 267 474 279 828 282 587 289 867 295 442 387 638 411 276 422 48 436 32 449 345 459 270 469 44 473 151 484 161
61 112 98 382 99 851 110 656 163 311 189 107 194 12 202 27 230 257 271 748 294 30 311 966 347 500 361 797 372 690 497 288
6 954 8 884 61 202 99 331 158 263 175 160 223 312 228 286 261 353 271 422 298 168 304 884 323 836 325 19 349 760 362 212 389 580 412 72 419 791 436 204 462 33 463 549 492 151
27 795 56 119 69 286 105 186 111 512 120 866 138 278 153 737 159 952 174 366 178 5 185 259 200 393 218 13 290 873 327 665 339 787 358 842 361 289 380 433 396 663 412 324 432 990 481 458 484 790
1 178 17 381 21 624 77 330 117 87 167 374 185 491 236 922 260 579 281 386 287 809 297 399 315 893 318 381 325 620 352 406 355 308 363 74 364 810 381 863 405 293 451 334 452 529 492 252
16 420 26 338 45 398 96 515 104 155 143 920 151 607 160 228 165 498 171 702 197 629 211 121 231 320 284 517 289 466 324 538 338 566 352 452 389 936 393 797 395 97 396 338 397 512 417 658 427 992 435 934 446 478 449 234 496 118
1 153 5 469 31 624 43 206 60 797 63 201 181 136 201 256 228 76 245 713 284 127 317 156 349 67 409 780 440 855 489 800
8 227 22 734 36 656 71 442 114 606 120 184 135 163 222 80 223 972 249 662 266 963 354 836 364 79 407 826 446 240 465 713 470 899 473 892 475 463
21 830 51 192 67 901 77 898 88 403 99 737 103 492 120 285 132 313 144 59 153 839 163 85 193 682 198 403 202 329 207 23 226 845 239 614 250 363 286 693 296 824 322 494 351 911 370 271 374 686 384 433 395 674 416 586 438 293 499 402
5 651 24 557 32 945 84 742 91 976 92 115 159 782 181 150 192 368 198 617 204 956 211 595 212 804 217 290 235 484 245 210 284 915 286 394 317 495 349 976 361 54 371 328 385 894 470 418 486 149
58 575 74 427 113 182 127 575 143 86 148 678 258 646 261 414 352 439 367 230 396 280 434 878 448 663 466 883 468 168
0 503 6 594 7 996 17 628 82 963 92 973 171 454 177 644 243 604 311 632 315 815 331 901 351 152 360 60 383 829 419 27 429 939 445 650 470 134 481 431
1 528 11 566 20 297 26 405 36 486 42 422 79 894 123 578 141 797 156 707 167 645 199 587 221 94 234 92 247 411 248 721 256 243 260 143 291 527 293 931 323 22 327 68 358 90 371 163 389 554 394 310 395 48 420 670 427 455 437 478 439 703 453 459 477 257 499 776
1 306 32 226 44 970 118 642 128 226 153 479 165 285 181 222 208 450 231 968 244 836 285 297 299 549 308 476 309 598 319 32 336 590 364 572 376 557 390 454 476 169
2 82 16 205 73 776 91 921 105 466 116 944 152 420 196 744 201 154 208 817 218 443 234 901 241 392 261 922 263 326 280 321 306 561 379 187 471 994
19 842 33 255 52 879 57 489 58 507 87 153 107 813 125 271 148 241 161 984 162 159 173 965 177 314 189 352 191 466 237 128 248 581 268 796 273 609 275 203 280 728 311 960 321 370 344 916 411 947 448 292 495 273
11 906 13 470 17 426 25 457 34 790 41 784 66 965 81 911 85 899 94 510 114 637 128 826 147 435 166 739 188 359 247 902 249 352 252 30 298 857 316 99 324 209 343 54 352 228 363 138 424 166 434 913 440 344 451 940 455 679 457 939
0 124 42 614 75 329 80 994 112 847 124 670 129 57 131 698 136 839 145 270 146 687 200 356 206 331 230 867 255 358 271 305 283 21 330 125 337 551 397 764 466 796 491 87 492 316
8 458 25 573 42 601 50 769 69 815 138 427 147 465 180 547 190 539 205 296 229 96 237 559 261 908 280 232 341 406 362 237 391 335 408 552 416 47 420 547 426 847 427 284
6 823 8 533 15 167 35 239 64 111 74 136 93 437 103 429 105 998 118 952 123 728 149 294 157 640 197 894 237 498 282 207 297 420 306 657 325 595 347 680 350 433 367 354 390 955 391 673 405 896 412 393 494 778 495 277
0 176 57 786 80 265 85 114 113 446 114 207 165 188 173 394 253 157 264 570 280 135 302 648 354 151 361 260 373 62 379 471 408 978 418 27 433 82 482 691
37 195 61 357 63 799 65 404 87 116 174 870 178 2 188 644 204 968 254 851 286 881 293 14 321 827 324 338 334 951 373 579 375 875 378 707 410 122 442 798 479 212 499 921
0 642 8 32 51 873 52 410 73 984 110 508 129 433 163 371 164 20 166 700 178 615 229 629 237 759 238 869 284 545 303 580 311 755 325 78 329 987 334 60 336 323 338 18 341 922 346 444 350 315 365 350 403 767 422 7 490 30
39 758 80 982 86 424 94 304 124 227 150 635 183 530 214 81 230 110 252 195 253 876 277 228 317 364 325 755 370 875 420 634 438 205 479 710
30 554 53 671 74 718 110 700 150 342 180 191 197 487 198 437 202 331 219 209 236 249 241 366 242 262 243 518 255 95 280 283 282 863 287 595 295 619 301 605 308 706 313 116 354 187 367 46 387 238 400 111 405 307 410 681 441 46 444 337 457 774 497 690
12 858 19 20 22 59 76 813 95 17 112 173 116 907 127 907 175 314 180 815 182 249 199 890 228 725 236 912 243 532 290 252 291 979 293 59 315 367 318 834 322 328 343 341 348 244 355 579 357 825 395 579 408 721 416 632 423 138 426 299 437 624 449 527 481 221 490 96
22 893 50 527 95 422 133 645 140 241 157 29 161 771 169 802 188 445 190 895 200 246 203 761 216 344 217 372 245 578 246 247 253 955 259 439 300 562 317 195 319 514 350 845 394 147 415 369 418 524 441 181 455 841 490 311 499 74
2 376 15 54 42 176 121 835 140 828 178 74 217 128 237 653 257 502 287 553 317 125 360 157 362 379 433 369 464 872 465 924 473 68 481 633 490 876
39 288 60 549 101 81 143 284 167 510 194 70 242 964 245 6 247 189 263 860 273 706 306 667 308 813 315 699 330 889 336 517 348 723 349 922 367 14 398 49 413 758 450 687 496 560
19 32 21 912 105 641 138 771 148 608 166 145 182 788 202 373 215 227 251 160 258 961 282 947 306 151 338 36 379 472 381 392 410 553 463 108
10 263 16 168 31 864 37 192 47 687 113 278 128 517 131 146 146 63 175 584 207 916 220 534 266 978 269 309 301 669 302 537 345 174 366 503 386 748 387 282 411 728 446 764 450 764 459 97 468 536
19 747 66 308 106 667 110 829 119 519 158 646 164 316 190 115 199 962 202 881 220 356 255 174 261 298 294 877 315 823 382 435 423 745 480 173
12 469 23 300 50 977 97 216 145 923 174 267 178 572 295 292 297 440 303 952 310 408 312 515 314 548 333 157 369 482 374 200 393 777 420 5 424 778 427 935 448 592 459 728 462 36 491 332
4 576 9 776 21 221 36 243 51 171 52 375 100 275 105 117 113 731 119 617 165 509 170 644 174 457 186 190 199 626 238 57 267 888 284 961 297 148 348 276 350 372 355 90 375 452 383 470 398 780 426 683 428 518 466 758 479 964 487 400
54 17 76 360 111 31 121 564 130 308 135 159 156 223 203 820 233 473 267 837 281 243 309 957 314 813 323 860 331 185 342 482 346 789 347 412 403 770 436 854 482 301 490 698 491 857
20 252 27 350 43 782 56 808 63 897 71 950 120 813 136 428 150 348 158 461 159 390 182 436 208 696 220 554 225 941 248 167 260 925 262 589 272 571 304 695 330 909 360 330 365 251 370 596 373 483 406 527 411 417 413 965 443 832 481 595 482 500
13 52 19 87 86 220 102 164 108 386 124 153 137 584 194 416 250 162 251 453 262 83 266 970 279 205 284 412 308 652 363 818 374 478 399 517 412 997 416 898 432 686 460 330
6 307 15 954 33 827 37 109 50 633 75 133 110 415 117 754 166 788 192 129 195 101 201 78 204 725 215 368 221 605 259 310 265 311 268 416 279 541 308 749 320 737 336 96 342 281 343 58 352 98 363 141 392 725 409 508 431 217 445 168 478 996
19 511 26 781 32 764 49 999 93 399 107 379 138 879 149 931 174 900 184 813 189 767 275 484 288 454 296 776 325 316 335 410 341 642 368 494 407 825 453 6 456 634 474 624 498 897
11 622 82 351 105 424 152 324 171 797 184 672 196 27 226 854 229 844 243 625 245 372 256 896 279 965 283 181 310 840 335 334 375 870 396 13 403 958 408 732 409 752 439 185 441 626 456 502 482 832
28 63 48 857 61 412 67 113 71 667 75 636 126 136 150 161 231 220 250 254 269 268 355 754 366 730 380 401 395 704 413 290 434 328 445 762 477 320
31 256 32 297 66 567 72 700 177 971 232 116 259 165 285 402 312 379 318 727 361 797 368 256 442 509 460 700 462 559 474 894
32 871 43 542 44 36 75 309 105 274 142 624 160 387 174 946 183 683 198 612 213 123 214 153 227 236 236 23 240 269 270 982 273 496 276 791 278 336 291 638 296 489 307 720 315 433 362 673 394 559 420 440 421 236 422 196 473 548 488 57 496 626
22 357 30 449 66 870 78 993 97 782 145 676 157 400 175 189 198 837 202 257 224 151 241 798 253 725 266 102 275 635 283 756 285 494 294 55 328 860 340 80 350 643 352 212 374 906 385 69 389 73 393 644 425 564 474 564 489 868
5 208 9 458 33 269 68 438 82 329 113 116 114 856 138 254 150 177 152 751 189 843 194 56 214 434 215 45 217 671 221 204 229 931 241 802 265 835 287 677 333 540 348 243 368 802 384 354 399 804 438 463 450 695 467 807
1 402 2 202 6 675 28 664 69 18 70 823 129 244 150 1 243 22 252 906 260 308 273 724 294 199 307 964 312 915 334 845 344 654 345 173 348 218 363 903 381 133 426 603 433 579
10 642 12 697 62 621 74 1000 135 238 170 928 182 274 197 583 199 441 221 759 248 322 251 799 258 575 259 20 271 988 315 269 320 760 321 51 323 149 349 393 411 333 434 532 439 17 457 236 464 66 476 467 486 431 495 212
11 628 60 824 74 584 82 965 86 726 125 457 135 434 142 618 168 649 170 808 194 18 195 679 216 6 219 261 245 67 258 313 263 939 294 424 298 452 300 897 314 181 318 209 355 392 356 871 364 740 366 411 409 216 411 251 439 593 472 91 489 535
58 130 60 938 61 925 97 148 100 520 110 155 153 112 207 889 243 612 246 874 252 438 255 904 262 845 298 561 316 86 328 990 329 114 348 449 358 18 366 275 385 649 387 369 405 879 417 303 431 26 440 475 453 943 464 712
11 122 66 251 72 392 101 999 113 504 117 618 130 711 136 243 149 519 192 699 196 630 197 893 198 378 228 540 231 19 242 900 268 989 278 708 304 897 316 968 331 540 347 686 351 294 362 283 366 43 390 599 408 177 411 267 430 488
24 838 34 502 37 182 46 460 139 486 141 57 145 512 147 849 156 203 160 882 186 880 200 108 219 820 233 606 246 483 254 502 268 402 269 898 273 860 276 357 313 574 374 482 433 925 435 688
5 641 81 335 142 8 156 785 169 564 183 522 191 189 281 69 288 288 298 294 313 569 342 875 356 206 357 475 368 45 397 981 412 337 451 462 458 477 461 116 466 837 496 794 497 180
14 940 34 1 54 337 128 350 135 226 156 266 163 720 174 58 215 826 225 356 278 589 329 877 405 135 416 636 467 471 487 971 488 103 489 291
12 704 20 464 22 370 23 647 26 250 114 653 118 151 159 281 171 46 176 716 184 406 199 226 230 535 234 543 258 180 261 877 262 820 263 466 264 593 276 394 328 716 332 670 359 969 377 809 385 878 399 501 448 529 472 231 489 11 490 456
1 469 20 493 43 680 61 961 126 292 128 480 139 890 142 205 203 580 223 988 239 679 352 515 389 68 431 423 475 481 489 374 498 935
58 917 65 421 72 753 73 846 102 366 153 910 201 306 223 479 256 708 275 77 303 906 311 399 324 430 357 539 394 803 407 805 409 125 415 3 421 761 423 439 427 88 432 527 440 395 445 254 452 751 453 905 459 129 482 72
2 595 7 104 22 971 133 127 139 954 169 279 172 212 228 826 247 321 275 553 278 117 305 895 315 154 338 624 340 833 369 514 465 768 466 100 483 158 492 769
30 2 64 565 86 148 118 111 119 10 127 798 148 44 159 843 173 326 176 522 177 994 240 961 244 18 254 804 282 284 294 188 297 305 300 992 333 29 358 79 359 858 363 523 382 222 392 492 418 178 438 683 487 782 496 487
31 461 41 690 84 319 118 733 145 861 157 349 162 958 233 505 272 555 296 269 305 763 314 750 320 560 337 106 344 399 397 898 413 184 416 442 447 754 479 454 494 96
5 510 42 589 116 495 159 912 238 948 248 391 249 993 254 463 256 786 275 152 320 46 339 393 340 957 379 11 387 430 420 125 424 905 425 811 486 301 492 487
7 925 14 7 34 294 53 900 57 241 61 108 62 619 71 170 74 997 75 961 91 633 95 748 99 708 102 762 109 111 115 109 131 625 143 574 188 875 211 844 216 638 217 796 274 477 278 247 316 41 322 791 324 918 342 267 343 144 352 259 355 22 371 204 376 769 388 232 445 378 458 756 474 201 498 51
0 672 10 461 45 273 64 72 88 802 94 983 106 865 124 212 167 628 168 300 208 763 218 146 233 634 241 202 287 667 346 931 357 945 367 815 399 418 401 321 422 842 443 692 446 879 467 799 481 930 484 828 497 610
25 749 27 440 43 681 76 324 82 975 99 525 103 632 141 380 147 442 170 498 204 81 224 745 231 933 238 435 259 303 275 337 298 674 318 941 324 870 415 137 451 468 471 18 494 356 499 2
31 838 33 273 80 251 106 802 128 144 132 153 142 975 154 298 178 38 185 168 189 944 243 403 258 217 261 540 270 323 273 872 313 308 353 627 396 975 430 429 462 881
40 97 62 228 83 748 145 648 162 673 223 958 250 755 255 942 260 888 264 227 315 609 345 847 358 179 359 572 375 309 382 676 453 343 459 291 473 374 475 591 499 411
16 345 27 747 60 171 71 24 89 695 90 468 143 292 149 537 189 991 200 91 256 744 284 538 287 224 327 262 343 134 366 668 375 594 380 46 396 400 397 634 436 807 445 956 466 630
23 196 61 681 66 510 124 949 131 647 179 124 227 639 236 500 286 468 301 84 303 382 321 837 362 169 378 434 389 386 390 878 393 452 436 645 447 434 467 38
7 596 34 198 38 562 39 916 41 375 51 280 55 393 74 837 154 665 173 851 176 513 180 298 207 377 285 777 293 505 324 856 326 783 357 363 359 442 360 342 366 513 375 195 401 328 419 246 421 661 442 81 450 589 478 938 484 70 493 554
86 103 131 433 134 564 161 143 180 599 194 109 214 963 244 148 266 990 273 499 275 952 301 231 338 360 347 269 362 60 389 106 415 6 417 405 472 216 484 650
6 533 39 85 62 650 89 485 98 862 149 718 163 519 177 684 187 68 206 723 217 37 219 18 260 247 284 392 315 974 350 884 372 833 399 767 402 662 411 753 422 759 442 44 489 361
0 447 3 785 7 768 26 98 29 213 50 205 55 115 67 304 72 616 79 549 81 993 82 362 114 935 132 210 146 361 182 425 187 257 206 343 216 682 294 662 304 384 313 337 349 717 373 964 376 116 385 648 420 430 475 693 476 947
31 311 49 678 53 992 81 592 109 374 187 531 193 849 206 263 219 162 287 685 299 6 311 394 315 226 417 547
3 230 13 630 16 750 35 984 65 886 68 449 88 444 119 433 128 514 132 228 162 390 176 718 179 235 225 280 268 741 317 397 331 419 371 920 375 938 421 731 459 138 472 352 480 496
22 966 34 162 45 716 90 957 132 612 167 159 171 757 265 185 305 599 326 930 342 55 351 809 384 828 402 689 413 490 427 215 430 848 436 239 437 636 478 114 484 483
32 916 41 880 57 604 63 303 64 259 78 397 83 961 97 750 117 425 175 34 185 257 192 783 222 812 238 418 250 305 284 381 286 156 375 854 435 106 472 727
23 616 70 229 114 845 129 732 140 221 196 278 197 530 213 355 216 941 220 942 221 404 250 145 262 883 267 383 283 327 285 933 310 572 338 439 373 396 400 88 401 863 419 594 425 187 440 917 475 593 486 812 499 907
17 887 52 621 133 661 144 951 149 860 170 69 195 161 209 175 282 315 291 454 317 294 352 285 366 984 386 482 390 434 420 50 430 221 441 614 452 285 457 545 477 471
23 504 26 791 77 886 84 568 85 488 92 255 96 484 106 72 121 118 147 189 162 694 164 5 167 3 169 797 173 15 185 854 186 397 215 324 225 49 228 425 312 952 314 160 329 845 337 343 360 708 366 591 393 539 398 365 430 959 444 375 483 963 491 676
0 34 11 704 15 781 47 452 59 116 74 138 99 558 122 171 146 397 189 611 190 8 209 780 229 964 283 251 296 798 313 13 338 796 352 297 368 667 378 191 399 936 408 930 430 413 437 104
10 276 36 498 37 656 48 859 83 81 89 222 112 367 159 365 196 340 203 606 217 811 219 233 251 936 395 770 397 924 479 252 482 557 485 322
11 229 12 506 36 62 44 813 46 622 70 253 82 130 91 55 125 223 147 739 148 829 180 189 188 287 210 865 214 683 217 1000 218 851 229 247 270 122 288 97 308 310 316 166 341 70 354 64 355 694 364 83 390 805 393 101 421 109 439 514
25 756 49 861 50 568 85 763 103 381 147 697 208 674 227 524 234 522 250 764 267 706 317 817 323 642 346 670 359 512 361 509 365 25 366 763 396 984 403 12 414 50
3 554 27 493 93 401 96 155 130 137 131 80 141 250 143 340 149 649 162 188 177 47 187 243 213 470 256 404 266 149 293 460 328 339 337 455 393 1 426 270 442 285 446 610 481 810 486 545 491 536
19 460 66 674 70 21 72 249 109 4 119 641 135 716 179 406 180 65 209 107 218 999 219 954 227 64 239 691 247 791 259 86 262 184 325 531 351 179 360 80 363 346 373 311 399 343 420 377 454 687 462 621 463 861 467 525
9 419 15 530 27 146 32 685 44 668 92 306 118 802 178 493 214 250 220 632 281 551 327 948 335 685 337 873 344 478 397 961 404 300 411 289 461 397 476 695
0 517 16 761 115 51 133 674 141 94 163 529 229 962 245 903 246 970 261 372 271 652 278 7 289 778 306 972 374 726 386 185 401 282 414 393 431 537 442 220
8 233 10 689 56 932 134 747 143 887 166 356 170 113 181 329 184 11 216 737 239 177 249 839 286 943 321 456 322 696 346 386 359 944 386 830 467 455 497 155
11 174 13 935 18 373 31 32 76 197 92 533 133 970 139 232 168 686 263 104 346 369 348 176 375 569 435 724 437 848 468 859 480 18 484 387
1 202 4 954 13 272 21 357 70 570 96 64 117 475 129 822 177 290 198 551 251 976 282 107 285 895 325 634 337 882 350 159 361 657 371 115 378 639 397 816 422 928 458 861 461 56 466 510 481 557
2 27 3 487 44 242 46 343 53 931 61 501 65 318 96 367 104 759 154 694 192 895 193 187 197 970 213 440 220 680 242 115 280 184 344 741 390 285 412 476 431 412 440 294 449 678 472 320 477 821 484 728
2 84 5 481 27 454 31 178 37 871 53 405 61 554 64 733 125 678 145 372 198 956 200 894 222 468 227 6 228 679 296 943 298 786 315 732 322 463 325 320 336 131 350 454 381 199 382 849 410 873 414 47 416 526 424 702 425 835 427 574 428 518
152 475 158 8 205 657 211 614 246 81 286 523 288 900 335 622 352 662 356 338 374 225 406 626 414 346 426 772 442 882 461 610 467 65 470 159 486 448 492 860 499 484
7 666 32 893 42 770 55 981 81 309 84 431 86 378 90 980 105 693 112 797 114 562 126 327 148 736 163 304 198 236 205 459 209 576 215 763 230 317 249 184 252 507 290 880 303 66 343 362 346 511 355 15 379 346 390 35 402 194 410 553 430 859 440 814 443 218 447 314 449 364
28 706 80 156 84 700 92 240 109 608 159 212 162 153 168 935 191 606 196 524 224 185 232 501 235 285 236 304 268 784 282 532 285 366 298 530 326 525 339 779 357 420 403 729 426 776 439 571 457 273 483 564 484 29
1 705 16 337 65 359 76 394 77 82 103 932 130 21 205 740 218 259 232 22 251 661 272 217 336 879 347 503 382 763 389 337 409 506 417 328 426 607 453 677 460 690 463 626
7 183 14 284 15 144 23 11 56 877 66 915 69 147 77 683 91 8 92 940 176 656 185 529 223 353 266 321 271 430 307 329 322 968 347 122 368 135 395 591 410 461 444 291 455 995 456 737 459 810 471 468 487 184 488 469
9 189 33 11 44 736 69 78 71 811 128 381 211 454 228 831 243 907 248 795 260 424 271 310 295 950 300 764 320 723 333 581 350 676 354 54 382 303 411 127 473 849 481 321
61 78 66 678 86 981 149 394 156 481 159 108 196 676 213 837 214 509 217 248 324 241 338 590 339 389 372 475 427 83 442 289 464 868 472 127
19 271 67 625 99 833 100 94 114 914 121 880 138 951 139 86 177 767 180 418 196 302 202 23 209 98 240 621 247 354 255 559 267 655 273 785 278 331 368 29 370 693 372 382 420 891 458 889 460 970 479 56 493 870 494 264 499 105
20 124 27 202 44 382 53 303 77 873 105 873 152 684 170 239 184 260 186 711 196 877 210 325 220 704 245 141 277 801 350 219 400 963 401 144 417 547 434 964 438 526 451 255 458 219 463 720 490 367 495 754
5 220 33 866 67 590 77 979 82 727 130 26 183 520 207 832 215 148 221 728 224 797 268 444 270 285 273 369 299 954 300 687 307 780 347 201 366 369 367 371 369 824 385 488 395 633 399 499 476 867 496 243
10 360 19 239 26 373 84 514 140 272 146 571 147 782 170 923 189 403 195 534 222 83 248 220 250 544 269 984 279 595 285 262 294 928 304 875 311 39 328 8 339 735 352 773 378 841 389 668 413 788 499 885
9 918 11 360 28 758 55 627 65 617 80 354 116 456 130 882 143 535 162 76 165 475 226 390 241 805 244 318 269 370 296 403 303 304 320 438 362 281 393 636 413 377 416 23 430 593 447 752
12 161 53 935 55 830 69 802 95 547 104 796 105 82 121 995 124 53 148 455 149 673 150 399 199 282 234 188 238 72 279 83 290 1000 291 606 363 68 391 844 442 912 447 686 459 341 472 238 499 830
64 367 69 410 124 414 157 904 214 160 217 884 232 215 251 895 292 85 302 43 317 947 319 400 376 802 422 294 445 248 495 125
76 612 136 806 162 1000 176 668 180 622 205 491 254 161 258 955 317 224 319 151 328 307 345 376 373 880 385 295 435 323
12 32 37 742 74 815 108 633 139 224 156 134 168 986 174 211 179 915 180 458 227 435 228 974 233 732 236 645 242 353 264 301 325 999 335 142 349 918 352 782 371 686 379 955 394 812 415 125 431 460 437 233 439 787
5 992 40 147 50 574 66 944 76 364 80 56 81 556 91 291 103 605 134 408 148 990 160 411 216 400 242 338 258 779 282 118 330 832 359 906 374 843 394 579 398 164 423 946 434 460 443 610 449 51 459 259 488 56 498 11
4 216 5 625 39 765 82 865 145 621 155 728 182 911 189 692 191 238 192 163 227 489 263 314 274 33 288 371 295 631 320 755 321 735 329 262 340 277 462 532 485 638
43 534 50 429 68 847 84 480 94 264 102 267 129 812 152 156 168 554 171 951 187 957 226 387 249 288 268 712 269 871 285 30 294 340 322 868 347 223 363 646 387 760 398 385 435 55 436 832 443 412 448 3 475 218 486 708 497 274
5 788 12 976 29 428 159 935 181 642 184 992 194 176 211 291 229 301 258 786 272 296 286 151 290 614 306 431 324 818 380 242 395 809 420 835 421 336 469 913 473 502 491 185 493 397
10 817 28 668 37 460 52 695 95 601 97 838 107 43 120 543 129 38 185 727 191 439 213 448 214 822 225 502 232 707 247 609 262 629 281 918 319 38 331 143 332 647 378 976 399 828 441 798 448 98 456 167 468 223 472 190 489 754 494 574
14 403 21 157 33 554 48 930 50 237 60 522 83 241 124 407 148 716 173 153 186 660 212 671 215 306 238 527 281 574 290 971 298 462 306 835 321 855 323 895 329 329 361 351 364 539 378 789 394 778 417 928 424 542 425 470 428 33 433 243 467 198 468 780 494 149
0 3 39 440 64 321 74 163 112 762 116 781 143 100 186 756 187 935 193 739 254 686 260 296 275 200 280 689 336 157 387 882 405 871 427 991 439 889 440 865 444 316 459 998
6 532 10 425 36 987 57 736 59 457 64 1 77 681 84 474 91 851 94 249 102 528 194 798 241 780 268 174 275 445 301 252 302 755 321 290 322 54 332 674 343 834 366 187 369 609 374 658 390 812 412 844 422 688 428 820 445 869 454 954 489 416
1 765 7 660 23 938 25 355 32 946 56 563 57 17 113 825 152 527 160 271 162 431 209 601 215 399 234 229 291 720 356 355 383 26 410 596 445 318 460 138
60 952 70 783 113 872 115 147 125 581 128 250 134 248 176 788 197 233 204 100 243 937 262 808 289 391 290 52 297 94 304 669 355 962 398 50 399 180 400 103 415 739 417 64 461 739 466 962 484 255
0 916 4 468 6 539 25 688 67 884 96 230 107 35 177 929 180 831 189 108 197 772 201 68 231 618 254 53 257 414 258 505 265 271 288 683 317 63 408 346 448 109 454 730 455 858 459 308 471 790
6 603 121 367 124 822 167 390 178 725 195 398 197 494 206 531 252 670 256 713 261 157 291 940 325 417 327 599 373 981 376 212 448 172 475 882 478 1 479 701
9 632 16 498 18 376 30 251 51 834 73 406 94 69 95 794 115 700 146 532 158 523 205 763 226 293 227 828 232 285 308 918 336 893 362 160 386 874 389 348 411 760 434 516 479 652 480 265
3 579 8 187 40 841 42 771 49 573 62 424 90 771 163 882 279 411 316 707 319 731 332 912 346 886 347 259 376 671 387 727 391 476 392 468 436 290 489 546 497 682
18 818 40 343 83 214 107 404 145 482 216 616 218 866 259 891 270 490 283 884 289 423 290 129 293 128 362 467 408 500 427 449 437 302 465 802 476 414
8 459 22 423 24 677 45 272 61 256 74 451 90 829 111 135 131 467 132 933 176 92 221 931 227 498 229 769 251 344 266 230 274 629 289 423 322 431 324 419 330 960 351 272 359 688 369 31 410 423 412 466 433 550 462 349 487 850
3 948 15 181 18 438 69 302 75 476 224 921 229 704 242 212 245 250 259 85 294 429 333 530 342 799 351 750 354 362 358 923 366 286 372 376 382 146 388 153 392 263 404 334 428 791 465 625 479 670
6 258 28 490 75 554 96 886 110 31 112 975 137 882 160 560 165 352 185 895 187 341 192 285 235 198 247 311 269 399 279 489 280 1000 314 360 375 915 378 361 386 434 395 570 406 613 424 383 426 978 450 356 451 666 465 953
14 493 19 602 24 473 44 189 116 899 139 331 160 268 175 8 257 392 277 413 335 216 337 280 357 721 403 369 405 408 416 690 417 855 425 67 472 690