300, 4516
256 925 5 299 10 726 12 596 66 929 91 529 136 39 159 318 167 820 177 325 202 568 203 803 223 694 229 609 231 214 247 490 259 456 288 485 294 301 296 788
24 462 25 139 42 96 91 294 119 354 156 298 179 706 189 647 255 925 269 505 279 930 290 417
27 698 30 820 38 37 66 313 73 315 82 241 132 673 155 765 203 314 221 773 246 432 261 695 262 159 277 49 280 700
18 547 37 20 46 602 65 419 86 613 92 600 97 868 107 460 192 485 197 210 211 219 213 132 272 167 279 297 284 248 286 842
20 80 41 659 42 667 77 419 117 828 130 682 136 265 157 58 160 178 163 108 193 934 195 103 230 172 293 823 297 693 299 110
8 612 13 718 18 645 24 680 28 563 32 687 47 860 50 993 65 906 69 721 86 674 93 411 104 976 134 928 139 861 161 325 187 211 196 226 201 482 228 535 235 884 242 209 276 737 282 910
0 6 28 418 34 165 66 305 91 485 94 784 116 196 129 903 161 753 197 133 230 438 274 556 284 194
86 752 91 708 102 797 136 887 151 599 164 740 193 464 204 124 230 677 236 755 258 190 262 272
6 348 14 929 19 424 34 154 51 604 53 780 89 943 134 122 142 145 152 886 178 503 213 163 222 583 233 520 245 596 255 379 293 885
11 961 29 633 44 540 73 845 75 462 76 803 100 556 124 907 149 222 282 138
19 951 45 275 48 833 82 589 85 2 114 429 140 804 145 599 150 510 193 77 217 655 226 264 256 285 287 394
2 521 20 324 68 521 72 473 91 485 110 618 112 452 129 203 148 714 150 778 153 229 155 156 168 192 198 146 204 835 230 597 245 358
13 218 14 688 19 177 22 521 26 312 29 951 67 886 108 16 138 406 150 374 155 90 215 382 223 389 233 313 251 615 260 564
11 638 22 164 53 236 58 22 129 624 130 950 149 655 156 203 175 177 178 588 190 785 192 27 193 174 194 709 207 659 233 410 274 96 277 259
35 579 68 195 77 597 94 661 111 844 113 841 174 610 194 411 209 879 217 679 270 278
22 360 67 452 72 935 125 608 147 686 173 601 196 548 199 191 203 812 227 23 242 963 273 785
2 92 5 876 22 788 47 404 49 531 82 900 100 323 123 822 128 938 140 548 160 283 171 627 177 978 246 597 268 487 284 486
15 122 24 947 118 668 147 228 180 323 221 684 223 579 239 248 244 134 264 742 286 312
59 228 60 103 93 607 100 221 133 524 162 901 171 96 194 802 206 383 241 579 242 435 272 450 275 307 278 694 297 183
4 907 35 574 72 18 83 891 91 185 133 303 153 713 154 377 189 41 195 35 206 540 260 46 279 187 284 668
18 503 19 994 24 548 25 414 32 769 54 128 55 877 69 504 76 350 112 360 125 198 126 841 152 982 169 129 237 821 265 279 272 351 276 979 280 136 285 342 295 465
45 767 86 520 91 988 100 353 109 89 112 635 129 743 143 834 165 503 171 155 173 360 226 460 232 211 236 342 247 914 248 131 257 376 263 933 278 348 279 405 280 59 282 342
11 40 34 465 40 864 46 693 117 890 121 114 145 72 203 383 224 15 229 162 273 465 275 798
29 79 43 883 59 21 79 142 82 330 88 250 97 610 100 444 153 410 154 732 187 82 191 860 195 181 214 842 220 454 234 910 272 892 292 780 294 93
11 285 19 926 38 74 69 191 78 911 107 51 110 147 124 440 132 549 164 845 203 884 217 282 224 455 237 361 284 542 293 820
3 803 21 518 31 114 63 228 73 838 86 996 111 415 132 609 185 219 188 910 190 482 191 439 252 448 273 686 282 507
13 470 48 900 52 765 65 320 90 56 115 841 121 491 169 642 171 583 195 784 200 373 203 132 215 727 244 558 251 740 260 874 265 175 294 676 297 383
11 623 65 973 72 347 125 595 144 168 149 393 163 969 165 646 173 618 190 657 207 872 210 195 213 943 237 623 245 666 251 151 252 61 258 974 265 96 284 384 291 800
29 4 122 120 146 388 213 95 224 626 246 113 265 143 281 353
6 323 19 627 37 168 38 424 55 240 58 766 78 998 82 94 89 432 97 428 119 756 135 388 152 6 189 982 212 167
3 611 37 965 46 7 89 966 96 466 99 27 109 207 123 263 151 493 169 886 181 610 188 120 193 833 217 950 244 407 269 578
8 147 35 700 80 328 84 26 90 592 103 636 120 814 124 47 212 771 252 575 257 921 275 962 294 146 295 639
21 68 25 906 55 54 72 249 91 362 97 528 101 181 113 356 143 392 151 394 162 582 172 543 185 340 188 891 201 625 208 43 217 14 269 812 295 563 297 678
1 302 10 807 31 275 67 802 98 995 100 571 138 674 197 424 234 475 269 843 270 208 275 702 287 391
10 845 48 984 54 516 72 785 100 518 111 50 116 775 220 959 251 858 292 38 299 227
18 171 42 392 55 144 64 817 76 125 107 57 119 439 199 303 208 71 218 935 238 377 262 644 289 929
67 294 75 223 97 474 118 821 148 761 163 716 190 111 194 243 195 18 249 336 298 881
30 437 45 425 53 522 58 947 101 451 118 3 125 854 153 181 154 866 158 296 190 593 226 598 286 237
11 542 85 253 97 752 101 617 129 789 134 931 163 388 195 100 208 451 217 182 232 409 244 83 265 189 280 378
3 164 19 619 25 179 41 385 86 201 98 73 123 207 142 766 149 200 154 880 165 65 187 299 207 685 224 710 235 561 279 319
2 700 13 194 30 995 31 831 32 780 33 611 65 610 82 502 106 498 143 347 167 253 177 792 180 996 181 508 230 178 234 879 246 796 296 618
4 165 6 120 18 381 40 61 79 179 89 333 109 647 112 321 118 148 126 549 137 790 150 314 165 505 185 974 212 468 219 519 220 163 223 806 238 250 280 356 290 283
43 23 47 164 50 214 80 719 117 466 126 702 133 231 163 6 174 497 175 59 176 413 197 167 250 593 272 975 273 870 279 194
9 12 12 1 30 164 32 594 41 894 69 997 73 977 110 410 112 719 113 994 120 389 132 849 139 581 166 106 174 548 186 407 204 176 212 280 229 772 261 861 264 952 284 483 297 732
7 654 38 731 41 640 55 172 94 152 108 841 127 478 134 960 177 359 183 290 190 845 198 951 204 652 232 500 245 990 246 673 253 885 262 212 269 136 278 718 280 497 284 905 292 770
13 35 29 317 50 850 51 137 65 585 74 923 79 241 80 291 142 75 180 7 201 131 253 286 284 862
23 722 60 830 92 592 101 919 113 438 118 395 149 967 180 542 207 127 209 862 235 564 242 413 251 992
38 139 50 688 72 146 110 648 119 172 123 530 156 229 184 131 205 588 215 967 217 927 244 172 246 834 261 308 271 961
0 826 17 943 26 625 46 440 57 52 58 348 91 392 101 356 103 372 153 450 162 354 163 441 180 231 189 624 206 316 230 608 244 256 253 947 283 602 290 16 294 635
18 522 20 241 26 396 33 560 50 787 96 746 112 981 146 101 165 414 175 977 185 116 195 55 218 351 236 548 248 573 294 238 299 168
19 730 20 534 33 252 43 505 45 984 59 793 79 354 85 782 109 61 118 220 136 387 139 717 158 40 160 153 183 366 206 825 214 345 296 628 298 871
5 936 52 48 101 431 103 905 113 804 115 823 138 989 202 593 203 624 285 20 298 387
21 563 27 323 55 548 58 483 60 384 78 465 92 215 101 33 126 674 134 135 137 670 142 5 143 896 165 412 176 384 207 245 210 989 261 928 273 666 283 342 284 502 298 466
32 304 36 40 59 598 107 379 123 437 135 838 173 825 182 860 189 174 205 961 217 280 226 548 253 344
14 434 30 63 31 186 55 525 58 845 66 347 72 710 89 323 91 250 135 319 169 283 219 984 274 508 277 925 283 105 293 176
16 529 23 30 30 996 41 20 93 547 137 853 141 885 161 178 163 260 179 554 197 560 277 598 279 401 286 218
18 201 26 249 35 607 113 502 126 639 141 714 149 232 160 32 208 192 221 615 223 263 241 355 269 358
4 825 9 481 88 574 91 44 134 603 150 825 183 661 204 101 214 243 217 879 248 803 257 367 261 387 281 456 294 895 299 199
1 847 4 566 7 570 30 478 60 772 62 740 77 535 108 383 114 805 117 722 124 674 130 308 145 147 197 579 214 100 222 876 233 401 256 355 264 306 298 99 299 536
2 686 26 68 69 251 71 756 74 536 76 261 111 829 116 840 155 794 229 885 269 359 270 346 295 412
28 1 39 993 79 166 83 541 111 948 119 814 128 633 173 676 189 658 210 523 240 413 271 536 276 952 277 362 280 541 292 265
38 553 82 757 98 110 99 576 103 683 128 592 165 300 180 187 184 633 192 213 195 111 223 546 226 167 230 605 256 400 272 668
9 816 40 782 61 750 110 716 117 218 172 195 175 392 191 823 212 780 221 783 247 925 267 853 290 7
20 588 39 563 42 640 45 937 64 788 73 537 92 971 100 963 114 501 173 835 201 279 215 606 226 900 231 461 238 670 242 977 243 206 256 733 266 375 273 855 292 520
14 34 15 996 41 439 81 301 95 686 103 314 104 560 105 535 108 584 110 64 113 607 115 433 128 468 138 832 145 717 165 417 175 764 224 13 236 937 243 33 252 543 258 131 287 976
12 451 32 113 48 513 78 868 90 610 125 678 134 607 159 463 160 85 174 779 182 289 195 245 267 596 271 153 274 445 283 353 287 129
16 28 35 627 39 589 102 309 108 19 122 361 124 566 167 972 194 794 211 446 234 888 294 844 299 547
53 86 55 339 58 73 92 689 103 564 112 900 119 18 124 722 150 476 168 903 177 212 184 478 198 447 199 238 202 178 220 365 229 346 264 180
9 436 31 539 72 490 84 118 92 654 95 360 98 178 100 695 105 83 126 82 140 83 144 83 158 896 187 835 194 369 214 471 217 474 245 115 246 878 285 99
21 836 63 373 91 72 127 636 162 608 181 387 206 186 253 818 262 824
26 113 35 659 60 174 86 983 90 448 126 277 153 240 156 461 171 92 173 58 185 884 186 708 189 349 196 330 212 685 234 113 256 928 274 412 294 73
62 126 75 718 112 789 116 505 128 134 130 736 152 446 154 150 155 653 160 856 182 80 190 88 198 806 219 936 228 42 251 788 255 721 256 902 258 932
3 437 32 626 80 89 88 463 91 696 98 941 142 750 148 805 223 108 225 624 230 229 292 663 295 392 296 683
4 673 7 274 16 999 21 133 31 70 44 966 52 893 53 924 57 640 61 469 69 746 78 609 115 684 136 920 143 71 172 911 176 648 204 48 208 615 236 964 254 199 273 945 283 271
6 570 58 937 70 989 72 415 102 693 170 830 172 959 209 769 253 924 279 552 282 920 296 433
21 562 66 239 78 444 108 9 179 158 194 544 195 99 233 178 236 166 244 203 255 390 277 835 290 682
52 932 60 154 86 297 132 675 145 982 217 399 222 439 235 165 263 35 266 212 274 215 276 773
3 563 4 114 8 117 18 304 57 629 63 711 67 547 96 942 111 112 120 843 165 976 201 652 211 674 234 636 259 202 267 745 292 124
10 296 17 22 28 775 29 553 58 568 92 896 109 353 120 957 126 54 131 946 153 868 155 570 188 482 231 62 245 735 246 630 254 638 256 98
6 173 60 310 78 592 101 815 133 53 139 53 145 959 162 313 251 599
5 747 10 285 33 165 40 143 57 956 65 592 87 192 96 409 98 686 111 992 116 813 118 919 241 447 255 360 287 272 295 775 298 767
11 298 25 566 26 976 36 792 40 637 51 731 105 276 141 777 163 30 208 132 211 393 234 741 274 927
20 815 27 435 41 879 83 376 94 567 124 218 185 544 188 765 228 738 235 537 244 863
3 686 19 826 22 165 33 185 66 800 84 358 96 122 102 469 118 242 138 962 166 403 174 373 177 49 181 100 222 162 246 939 258 523 289 504
18 43 19 455 31 249 63 934 104 540 115 13 122 781 124 464 149 680 188 45 191 913 232 56 254 887
24 27 25 637 43 851 54 125 79 188 105 831 106 467 113 564 167 815 174 533 184 369 237 652 278 517 288 343 294 411
26 463 61 694 71 511 113 920 123 138 157 57 158 728 171 577 184 828 193 151 208 53 266 604 268 317 287 782
8 182 9 885 11 981 95 146 110 475 112 739 115 631 133 178 137 957 154 968 182 101 183 3 229 116 236 84 268 556
26 508 28 322 54 160 67 294 73 424 79 34 127 413 136 234 159 310 161 252 169 198 216 129 231 825 256 582 288 350
16 733 21 101 42 9 51 831 56 451 57 59 71 756 142 429 147 614 152 6 158 755 163 260 216 42 245 889 258 60
27 834 81 226 119 462 140 819 154 291 169 182 171 626 199 658 207 451 257 111 275 947
27 484 71 563 73 17 77 765 99 548 119 550 125 604 127 187 130 500 150 740 153 137 163 477 168 915 186 921 194 332 208 954 209 385 243 700 269 459 274 68
9 711 25 474 26 850 41 524 71 416 108 568 159 938 166 676 190 735 191 481 209 699 212 816 215 254 222 238 225 372 233 588 234 239 258 511 269 101 286 665 299 313
11 195 35 840 88 830 108 633 116 764 159 585 196 49 201 39 208 249 210 63 220 865 233 716 253 284 262 780 267 341
2 140 3 790 8 115 11 593 14 461 22 176 27 731 37 515 71 44 90 657 119 686 151 622 164 494 166 893 201 779 204 342 294 755
8 131 70 442 117 114 154 544 181 391 204 210 248 569 249 153
21 977 28 661 54 781 64 907 86 251 97 406 110 678 132 334 207 324 233 708 235 861 256 374 262 258 276 708 282 180 293 985 298 940
3 870 34 22 37 640 38 158 54 380 82 304 92 685 114 528 124 236 138 533 146 259 175 65 201 524 209 116 211 540 217 579 220 524 226 775 238 917 260 147 263 710 272 281 289 131
38 648 56 564 70 165 124 351 185 228 190 975 220 456 228 650 239 72 293 897 298 973
31 87 63 351 65 762 71 736 100 430 114 517 118 233 121 199 136 908 138 220 150 158 158 518 167 540 177 103 199 144 241 388 267 934 269 43 297 141
11 234 18 566 58 753 59 358 90 743 94 568 135 875 137 504 152 857 156 547 160 300 199 512 208 475 233 939 246 801 249 155 271 497 280 458 285 442
41 69 90 220 134 761 177 286 191 384 203 761 214 105 281 974 285 911 286 554 296 234
10 584 73 420 163 456 172 489 179 424 187 949 197 468 198 490 204 296 207 572 231 581 250 922 252 993
31 517 37 309 67 905 74 805 123 599 151 130 178 756 184 748 202 780 203 873 218 561 248 820
8 706 46 864 56 399 78 616 79 758 127 293 131 816 157 306 164 194 167 616 168 127 191 947 205 938 258 731 270 339
6 713 45 148 52 734 107 41 155 583 177 557 189 173 193 337 213 749 226 148 266 35
15 457 18 131 38 262 56 419 79 583 95 238 104 214 173 749 207 376 246 858 285 11 297 279
0 329 2 862 3 126 8 477 70 184 72 77 75 668 80 549 92 981 98 447 104 990 106 617 117 145 128 605 138 85 144 895 147 74 169 573 174 421 235 488 252 531 265 847 267 945 268 724 278 942
43 346 67 274 70 197 88 451 106 654 119 752 175 897 217 328 221 644 222 380 225 186 234 77 265 682
24 222 29 596 53 61 70 904 129 794 139 325 158 744 162 333 174 214 236 811 254 713 271 370
17 844 29 87 48 433 54 884 87 849 94 824 107 2 114 734 164 70 166 660 171 423 185 786 205 624 213 449 216 634 217 552 247 609 258 742 272 350 288 816
10 730 16 446 79 440 185 556 186 101 203 955 212 927 236 373 248 722 273 150
3 768 14 981 25 568 29 53 73 107 89 379 97 797 111 278 131 609 143 153 175 106 180 959 184 866 218 1000 224 52 231 470 238 630 241 112
3 989 36 867 51 949 57 199 107 461 180 422 196 856 197 467 218 434 223 359 248 133 270 389 299 30
9 883 50 735 70 494 89 13 118 548 136 183 168 513 170 247 176 175 177 300 181 888 198 486 225 137
11 685 42 292 58 463 60 48 72 352 107 809 135 251 153 767 160 632 181 589 182 820 194 478 204 238 207 201 223 590 224 520 233 724 257 778 274 875 286 58
25 610 26 720 37 954 40 204 48 258 52 799 91 754 129 671 172 719 185 371 214 991 215 194 219 628 253 409 257 497 268 842 289 45
47 803 55 437 62 521 186 425 195 954 199 575 213 812 219 534 220 346 223 198 244 298 254 722 255 371 285 139
49 839 93 234 146 585 169 384 200 833 255 157 269 442 292 513
14 645 39 754 49 701 53 724 59 202 88 703 113 316 124 158 133 842 164 8 185 118 198 403 218 373 250 601 265 970 271 766
9 854 58 61 68 543 90 261 91 138 95 561 176 774 184 498 188 49 236 956 260 351 280 520 288 631
8 855 12 396 142 880 143 640 147 468 148 846 150 751 152 366 178 52 196 952 200 909 229 528 274 643
3 800 77 821 89 586 103 845 106 477 123 211 155 137 164 788 167 840 182 988 191 511 193 235 207 56 217 464 227 242 229 459 289 71 292 971
9 959 17 690 30 602 40 998 41 269 42 764 101 202 102 808 114 789 128 609 166 926 173 164 195 522 225 956 274 168
2 712 61 888 78 538 100 19 101 164 107 230 121 133 136 874 156 111 172 320 192 164 241 380 273 803 279 219 288 375
14 430 20 863 27 744 53 1000 79 103 98 75 114 722 130 881 197 796 200 588 208 233 239 579 240 400 284 950 294 97
3 354 19 157 28 831 47 432 89 184 96 651 97 274 105 862 114 371 132 421 137 647 148 375 149 439 155 827 167 997 171 151 198 2 215 926 223 392 269 215 277 51 279 925 297 414
35 701 44 833 46 331 58 794 66 423 93 428 110 397 113 182 124 46 171 772 194 75 252 890 296 851
14 613 26 104 37 88 45 858 47 20 51 452 74 132 77 627 132 865 140 351 147 902 152 720 159 594 171 837 172 482 174 308 189 674 197 184 223 374 264 822 270 278
40 695 72 601 73 733 76 148 86 37 89 55 98 838 106 171 130 533 220 14 258 459 264 221 273 514 292 755
47 216 56 2 67 689 82 531 179 866 193 629 210 937 243 889 298 241
0 634 9 619 48 998 53 417 75 322 84 137 102 85 121 178 169 287 170 27 196 995 232 107 236 899 250 771 272 255
11 756 24 934 31 994 74 498 130 928 131 848 177 231 182 591 227 491 233 600 265 477 288 842
21 258 46 485 71 441 105 278 107 219 122 676 134 544 140 49 170 224 200 297 225 515 232 352 234 406 242 658 256 843 279 311 284 168
3 385 10 179 12 625 49 346 67 88 75 45 96 977 100 718 103 811 108 899 128 630 149 601 161 631 163 705 179 220 190 697 191 572 255 70 256 253 293 870
4 678 16 946 38 818 68 601 83 489 97 301 105 709 111 724 116 163 118 562 124 419 184 614 193 413 194 178 234 230 258 648 295 272
0 697 61 967 181 693 187 910 242 915 253 962 266 690 285 594
37 442 43 118 59 433 79 148 127 310 146 81 187 759 189 655 238 91 262 101 268 786 272 657
2 702 43 267 95 281 97 676 101 84 108 763 133 386 134 261 162 199 175 743 190 158 205 401 210 269 211 96 214 547 217 62 259 797 269 242 274 630 288 741
0 295 10 159 20 211 32 830 49 828 55 316 56 749 57 448 61 306 66 626 96 708 104 865 133 527 159 114 162 864 171 77 175 86 193 424 200 904 278 168 292 75 296 276
13 693 19 325 45 957 48 449 58 932 71 171 74 356 94 288 115 456 150 242 182 504 184 530 234 713 256 89 259 611 276 387
15 567 52 994 79 22 92 901 115 768 131 668 139 408 156 686 174 697 179 537 253 617
14 929 123 350 134 125 169 823 177 582 242 183 271 460 288 786
8 379 10 743 16 827 21 719 49 605 61 547 95 96 111 402 128 587 131 625 142 772 159 329 181 481 190 202 208 583 209 275 245 663 256 877 258 578 287 464 288 6 298 906
37 456 41 148 50 149 71 54 113 415 147 926 161 474 201 592 207 863 213 369 216 285 217 901 258 694
17 240 25 966 33 257 67 685 72 414 85 360 112 362 114 905 115 775 159 25 161 224 162 826 174 950 260 967 271 867 287 110
47 72 77 184 143 343 153 170 155 735 172 325 178 611 205 259 239 214 289 544 291 893
29 820 39 200 42 835 45 430 150 14 156 634 161 961 197 71 253 752 288 926 292 845
0 981 7 401 15 674 62 71 143 681 159 236 165 340 166 355 180 242 185 539 217 27 221 943 261 538 268 175 270 477 286 233
2 36 4 95 9 822 26 879 120 184 165 521 215 691 227 242 241 102 265 571 272 152
43 89 46 60 125 362 142 843 176 982 180 545 187 358 199 865 225 432 244 120 269 947
4 335 5 838 13 360 41 717 53 986 84 843 101 297 129 241 152 554 154 450 187 292 194 882 214 623
5 434 14 163 26 587 40 966 89 195 95 339 115 995 143 201 148 841 154 12 161 632 168 438 189 531 235 700 245 320 252 458 278 830 282 290 286 501 291 771
1 644 16 964 43 657 65 859 122 20 127 19 131 599 175 672 186 968 236 659 297 653
42 739 43 438 51 943 64 499 95 43 151 572 236 559 245 662 257 259 267 786 269 685 279 957 283 2 291 142 294 354
1 834 22 659 67 15 70 761 84 6 124 277 179 833 190 473 224 858 230 192 232 18 293 863 296 107
4 695 8 517 34 734 90 874 92 280 117 472 125 104 134 696 158 258 168 390 194 683 201 666 231 834 247 467
1 971 55 487 68 918 69 604 73 754 79 786 121 968 125 637 139 707 149 277 188 418 194 681 237 26 251 78 264 916 288 395 289 874 291 64
144 641 154 203 172 463 233 49 253 447 276 718
4 149 5 669 14 576 18 775 22 773 30 6 43 48 45 459 53 170 67 613 68 893 75 130 104 527 109 908 153 129 168 410 180 759 181 958 191 579 251 498 264 916 270 147 292 846
23 107 24 529 32 623 67 693 75 535 86 894 88 694 89 248 90 997 120 352 154 668 155 310 170 366 189 545 198 242 210 252 223 918 237 447 255 891 265 605 288 374 289 138
16 484 30 854 38 116 46 643 55 233 88 253 98 160 121 799 128 183 168 504 185 314 189 235 210 188 229 394 261 893 283 131 287 556
4 352 32 923 39 93 50 416 58 826 69 774 77 875 85 451 108 891 119 4 120 878 129 942 177 793 194 597 227 232 243 583
22 413 81 303 95 512 139 609 164 990 177 441 182 264 188 549 197 491 212 355 217 151 221 236 234 499 235 404 244 469 252 48 254 405 266 814 297 572 298 808
33 144 40 810 50 28 53 529 62 860 98 110 109 688 124 676 172 741 210 475 235 295 252 268 295 113 297 401
15 504 52 929 79 980 95 125 103 333 123 162 124 970 125 390 140 786 144 796 161 742 162 833 211 564 223 281 257 599 272 463 274 913 280 401 290 450 297 263
16 638 17 692 73 421 94 874 127 25 131 774 141 435 170 222 214 173 223 477 228 537 267 746 271 861
9 99 76 343 107 943 122 135 203 837 220 913 228 736 245 432 247 833 289 279
3 257 9 799 11 792 43 533 45 877 53 747 55 634 62 152 76 51 82 774 109 399 112 103 182 350 187 967 195 728 202 578 205 179 253 296
5 879 6 892 11 935 31 683 35 860 41 314 58 425 61 40 82 385 90 954 123 168 126 855 141 215 159 511 168 833 186 401 192 233 203 159 232 396 242 630 246 983 263 743 265 896 289 161 298 475
30 948 38 990 53 498 73 527 122 546 196 911 251 744 276 774 285 236 296 153
0 566 1 837 10 450 41 820 78 493 81 77 107 525 163 927 166 151 167 811 252 995 264 929 265 527 278 151 284 831
4 968 5 612 20 105 28 809 33 827 56 901 136 376 167 455 171 514 191 494 193 633 211 677 231 440 247 533 254 690 267 698 283 331
34 459 79 414 80 882 84 576 106 38 109 11 122 100 156 654 160 192 170 33 188 789 217 521 219 46 224 720 229 869 259 332 269 944 271 326
1 912 72 572 74 233 75 58 88 91 94 301 155 900 167 618 178 123 188 619 211 441 226 86 294 405 298 29
4 217 25 877 43 849 46 420 91 323 102 276 114 819 123 973 130 407 180 538 198 21 207 508 223 293 259 981 276 183 299 206
52 702 54 29 98 51 162 611 191 149 257 969 280 157
49 421 78 990 84 842 86 650 102 674 121 161 124 1 136 753 143 920 157 100 171 242 202 432 238 850 249 329 256 773 257 635 269 594 281 830 289 178
2 540 19 706 46 621 67 509 141 50 159 104 172 57 185 835 226 970 227 316 234 719 238 801 264 335 267 223 292 997
6 243 43 58 45 902 76 351 81 997 84 981 125 728 141 544 149 58 151 674 233 722 273 577 289 465
0 222 36 829 44 239 46 395 176 661 198 189 219 585 222 862 245 641 268 749 299 744
0 348 51 537 77 537 118 119 152 580 186 798 200 529 235 13 240 694 284 533
32 113 59 61 145 348 156 397 158 860 201 476 211 769 259 879 284 432 296 248
5 92 11 237 30 876 49 492 63 853 76 784 78 319 120 778 146 841 186 70 197 545 210 21 258 217 259 84 266 946 296 753
10 622 17 698 18 523 33 713 57 936 71 996 97 228 98 832 99 951 144 977 154 776 196 462 258 637
99 859 110 386 252 64 257 990 272 803 288 680 298 301
8 568 13 300 31 529 73 964 74 313 75 665 99 79 118 363 164 744 193 818 195 339 196 215 227 996 240 333 249 727 254 124 265 514 271 720 274 208 289 843 295 838
26 774 33 864 41 93 80 808 151 808 203 283 209 536 275 777
57 718 92 247 106 853 109 344 118 24 127 933 138 920 139 190 171 700 174 176 193 86 203 775 231 604 276 164
45 21 49 495 51 528 78 676 85 813 90 905 99 748 204 382 251 396 254 718 255 938 266 591
2 848 26 100 56 587 63 468 65 257 99 667 126 295 133 368 246 26 250 821 251 969 258 657 288 627 291 864
2 740 65 679 79 134 82 116 89 395 140 256 192 241 194 707 222 397 243 146 262 455 266 115 291 676 295 142
5 657 39 930 48 265 60 870 83 388 112 133 147 94 157 828 201 78 223 365
51 159 81 370 97 702 126 317 155 155 156 303 169 718 218 170 261 242 293 595
6 490 15 669 25 561 33 93 43 996 51 16 64 487 85 70 123 402 143 370 162 873 181 726 186 531 200 388 203 631 208 590 210 906 215 963 216 124 236 587 244 3
12 382 18 975 22 169 69 388 75 250 84 894 94 950 118 991 141 779 145 849 175 745 191 124 240 276 275 275 292 669
33 550 35 717 37 14 50 980 66 583 78 724 87 1 97 258 99 983 108 224 109 797 119 898 168 377 203 39 211 922 217 924 235 489 265 660 270 494 275 737
10 48 48 266 49 281 75 998 85 942 88 305 108 883 112 683 123 17 135 413 147 464 163 71 198 796 210 637 212 511 257 765
14 547 15 319 16 771 24 609 59 405 64 522 65 230 76 138 94 885 115 774 118 200 122 765 162 37 184 423 200 710 215 798 229 967 237 567 259 849 278 67 297 64
32 365 35 934 36 584 39 850 43 166 64 888 72 111 78 186 118 53 121 34 160 159 162 386 175 705 193 917 228 326 243 458 249 821 273 236 277 277
16 416 70 235 94 183 101 582 119 889 135 6 163 678 181 747 182 760 189 475 201 683 209 417 219 386 235 7 252 162 259 549
10 244 11 605 12 773 46 58 57 342 61 905 107 480 110 443 141 88 145 178 163 790 181 560 208 568 259 339
36 892 70 855 71 982 79 868 83 116 86 360 95 796 105 848 123 276 130 360 172 425 200 545 230 527 280 284
46 526 50 897 126 508 127 552 147 800 155 623 171 196 191 877 249 444 262 646
7 851 19 772 22 920 30 487 77 996 88 138 98 526 108 772 124 896 193 240 278 696 285 183 291 427 294 558 299 91
9 67 20 50 37 773 42 358 49 954 98 973 121 461 184 745 197 270 203 975 208 689 225 332 231 295 258 601 265 690 287 372 288 246
10 446 37 801 40 149 43 565 128 528 227 580 231 800 240 565 246 337 253 325 285 391 293 864
5 70 16 781 75 916 83 169 108 957 136 250 143 511 155 300 203 177 265 252
1 878 6 113 25 524 30 904 32 173 58 606 86 731 104 426 109 222 119 283 125 219 143 766 146 401 171 679 173 939 178 621 195 578 203 106 204 67 224 776 240 282 268 451 281 670 295 913 299 969
17 267 34 38 37 226 54 513 75 37 78 404 122 233 146 542 157 318 166 820 185 899 245 880 246 885 250 970
18 838 23 943 32 628 58 903 73 84 83 45 88 100 116 100 141 461 152 187 190 295 204 398 234 504 258 917 284 783 291 893 299 858
12 233 56 72 86 798 96 704 100 156 132 216 143 345 150 230 166 283 193 193 212 208 258 577 271 388
1 899 38 183 40 162 58 106 96 641 97 88 130 877 172 903 227 409 229 34 261 244 290 33
28 73 30 816 42 897 100 906 124 584 139 495 145 671 186 715 192 864 228 570 235 738 243 362 297 780
45 970 73 273 82 263 88 395 169 605 171 568 218 118 224 786 253 819
13 526 39 992 70 308 78 414 79 860 130 141 133 658 171 568 231 833 245 337 246 517 260 757 297 458 299 338
5 444 33 462 38 910 43 278 68 529 76 201 90 390 106 973 115 90 128 462 140 735 153 840 169 977 173 185 182 585 198 156 246 779 265 996 267 251 268 699
154 472 168 211 173 985 222 941 246 528 256 437 275 244 295 618
18 56 28 488 56 323 101 923 171 91 207 461 234 505 240 231 257 646 275 957
39 491 42 42 43 144 54 6 66 286 71 469 75 310 91 303 99 536 145 890 155 451 156 234 183 8 184 268 225 418 237 84 239 138 240 464 257 17 292 630
39 593 72 333 116 9 185 822 206 286 207 353 212 157 223 244 237 689 258 30
18 413 31 362 59 436 71 535 99 205 212 802 230 691 248 976
3 592 34 351 37 956 42 141 46 33 95 335 113 491 115 941 126 175 130 624 132 269 143 215 153 779 172 136 173 92 181 728 213 819 216 979 257 84 283 40 297 736
11 706 24 459 58 992 77 143 87 141 107 161 136 804 192 107 224 75 249 683 257 907 285 994
3 953 5 532 11 819 16 977 26 184 34 82 47 792 91 135 107 175 123 399 141 462 143 712 172 246 183 40 185 340 205 589 243 605 253 158 260 257 294 196
7 575 20 109 29 321 64 52 78 920 83 258 95 397 101 360 147 422 180 902 193 738 254 513 265 72 299 152
32 978 36 657 60 182 167 440 173 392 211 514 217 256 221 916 239 823 248 182 250 735 253 516 262 939 271 531 290 313
23 128 24 168 46 173 77 472 95 566 100 77 122 453 160 656 175 328 191 622 225 160 255 278 258 708 261 774
25 513 91 501 167 110 174 777 175 182 181 520 184 184 204 735 207 27 218 32 225 963 233 859 240 359 243 271 246 440 251 212 257 510
25 310 41 230 60 765 62 879 116 791 143 554 163 326 174 428 206 112 223 267 227 944 288 789
41 607 49 95 92 47 117 105 125 283 126 413 152 949 165 130 174 294 179 421 181 234 185 770 191 435 204 376 241 352 254 288
15 938 28 126 39 838 112 996 117 867 129 971 146 823 152 30 154 766 156 971 169 880 245 123 277 982 286 308 297 84
11 448 28 742 29 15 43 403 59 102 78 304 82 467 108 58 120 154 172 743 177 277 178 901 186 757 196 356 227 672 228 787 234 164 253 585 259 33 299 995
3 47 6 398 7 33 9 304 15 167 49 253 56 671 66 895 106 187 110 754 175 92 201 863 214 760 239 471 251 726 270 427 290 137 291 18 298 479
43 521 100 87 128 712 143 402 218 871 225 786 283 462 293 826
26 90 31 864 33 122 44 831 51 667 74 443 98 603 107 475 109 620 139 449 198 43 206 858 247 930 249 541 261 137 262 866 264 58
16 888 38 658 94 620 99 172 109 58 113 736 152 859 174 826 197 458 206 879 212 816 231 258 237 945 289 239 291 124
14 197 21 18 56 775 63 154 67 685 114 420 146 213 152 430 169 499 193 687 212 751 242 722 243 931 245 895 251 312 258 804 270 465 272 179 295 422
2 584 35 951 37 763 140 877 141 720 154 21 169 859 206 168 232 352 250 1000 251 723 262 71 290 721 293 729
11 728 21 17 74 907 104 874 155 461 190 160 200 593 223 373 226 901 253 401 257 205 264 557 274 552
1 764 19 548 30 860 37 37 41 159 42 836 58 209 69 879 71 177 96 592 114 548 123 973 159 448 165 216 181 849 185 103 280 908 298 856
6 905 23 802 37 70 40 430 70 243 76 128 174 414 176 165 181 980 187 756 209 778 239 722 277 313
10 761 22 795 48 805 50 516 63 647 110 390 121 489 133 8 136 915 143 770 166 188 168 683 193 130 230 379 240 760 244 989 260 307 270 873 288 401
0 428 36 828 42 429 68 5 72 927 74 515 84 705 104 195 140 544 146 114 160 492 173 145 183 71 216 828 242 705 252 62 271 701 287 399
55 45 79 690 80 269 135 888 162 55 165 757 169 675 208 376 232 637 237 452 253 485 254 29 264 98 280 78 289 629
16 588 82 539 104 748 171 938 175 40 217 114 249 607 251 856 297 105
26 731 28 914 29 873 74 343 76 40 117 371 134 361 148 955 188 546 211 260 218 524 242 975 251 115 280 57 288 561
11 458 40 507 77 761 109 327 133 407 142 950 143 533 208 113 278 461
6 674 50 730 52 86 63 84 65 257 107 339 110 721 121 506 128 497 191 629 195 284 212 147 224 732 237 826 247 638 255 321 266 130
20 817 26 41 64 37 100 741 103 22 140 301 146 650 151 968 207 921 216 831 247 715 268 306 297 354
39 456 40 226 44 415 97 399 103 822 110 385 116 77 119 744 139 896 143 564 168 257 175 560 209 971 254 513 266 625 268 512 270 6
18 358 25 104 46 962 57 504 112 713 147 801 152 646 160 795 186 348 190 51 204 870 207 680 219 631 225 623 248 803 262 907 290 946
14 256 18 401 31 982 46 391 49 662 52 342 90 207 96 240 97 10 111 405 129 742 138 569 179 771 180 81 224 498 250 760 259 947
4 415 7 839 12 750 53 118 77 378 99 898 126 702 136 773 158 1000 162 439 175 143 188 142 215 461 217 566 240 325 255 213 277 969 284 818 288 467 299 26
41 49 60 809 123 198 147 956 175 708 184 816 192 176 257 235 277 524 286 773 299 849
0 261 5 622 26 631 65 419 67 644 77 588 109 401 117 726 171 652 233 639 243 408 244 215 278 105 292 271 294 706
6 456 18 524 33 930 66 674 76 87 88 301 137 982 161 185 167 246 206 190 236 901 251 409 253 715 267 263 292 256
36 40 78 716 95 768 125 632 134 594 150 192 169 810 180 635 219 121 254 723 261 743
7 518 10 640 41 914 53 563 59 181 60 425 69 41 79 747 81 774 113 112 134 2 138 722 151 855 156 717 192 475 217 578 223 986 249 606 250 174
27 728 52 317 120 531 123 414 165 600 176 130 190 376 199 907 252 739 281 849 284 407
27 699 119 312 133 738 143 407 148 240 151 727 152 839 236 791 245 45 249 943 261 750
15 646 32 991 39 224 40 69 174 356 175 114 188 569 191 43 210 34 270 702 271 52 286 879
17 446 20 752 31 823 32 983 46 309 54 898 82 803 107 875 115 336 137 113 142 100 156 333 207 342 213 890 229 151 244 530
8 803 29 175 34 93 52 862 55 610 70 205 132 60 151 954 172 820 177 97 188 832 211 660 229 277 237 503 240 793 241 805 284 15 289 629 292 167
35 2 58 723 81 145 95 1000 106 985 127 547 195 209 198 125 216 628 239 987 258 194 286 74 292 843 295 1
10 566 16 425 67 607 75 961 88 771 91 501 103 306 131 309 175 403 245 385 268 563 271 544
7 581 29 354 31 174 32 736 48 493 59 348 68 301 122 396 133 727 139 471 151 614 155 388 167 957 175 798 188 1000 200 984 208 949 215 490 223 470 250 137
12 728 104 139 113 558 122 758 124 787 140 391 168 820 174 58 182 900 235 133 262 271 269 293 274 297
51 361 101 71 153 612 159 548 183 126 205 571 216 796 218 388 240 628
60 885 96 438 110 864 127 110 167 401 172 623 181 443 183 790 195 567 200 518 214 537 218 225 246 71 263 59 294 257 298 174
17 104 25 47 68 579 79 819 82 514 119 433 141 371 163 931 205 506 214 387 244 566 251 813 292 152
15 574 17 337 83 85 94 496 99 537 102 976 133 455 138 618 139 390 151 530 162 838 179 449 196 437 228 596 252 498 279 405 288 723
54 389 71 958 84 131 116 858 118 963 120 563 147 898 158 115 160 180 171 371 172 557 236 148 266 590 276 950 286 474
3 710 21 838 62 578 81 492 84 204 91 383 113 377 147 650 153 730 155 881 160 422 175 652 192 330
62 479 81 544 95 231 110 290 139 704 148 204 156 1000 174 584 198 488 211 524 223 726 238 545 249 818 270 825 298 208
20 153 44 913 58 482 59 552 69 845 79 683 83 342 89 745 103 127 104 245 136 873 144 491 157 587 164 547 177 720 181 440 182 236 200 510 225 637 230 966 299 609
8 992 10 965 19 763 49 461 82 311 115 404 134 603 137 529 144 247 153 168 165 580 193 717 202 548 218 437 252 925 257 503 284 772
11 91 14 226 21 972 39 626 56 827 79 592 168 630 192 503 195 362
24 413 47 123 58 103 138 471 195 214 202 472 256 52 272 316 281 343 295 247
1 762 5 329 16 203 34 698 89 185 92 295 95 625 112 391 122 734 149 766 151 85 152 918 158 337 164 977 166 791 194 601 200 934 222 818 235 769 248 993 290 271
15 394 32 327 44 947 72 82 83 954 86 934 90 55 110 702 173 11 212 104 230 181 236 911 239 645 275 310 276 917 278 620
9 982 32 578 54 882 66 75 72 665 93 313 125 525 143 207 144 631 171 754 187 474 200 550 220 864 221 966 228 501 241 505 243 812
5 790 80 76 94 45 99 855 103 940 119 236 146 222 149 294 160 459 192 335 197 344 207 342 224 916 242 280 272 875
5 266 108 61 145 727 163 295 167 108 190 742 207 122 230 70 237 101 282 695 287 267
18 18 31 48 63 349 211 887 212 134 249 632 259 601 271 499 283 238
8 280 24 607 40 594 46 446 63 232 65 225 99 177 106 583 128 246 141 534 160 132 192 596 206 677 211 34 213 500 244 134 253 148 256 83 277 236 290 90
0 160 9 37 33 91 54 771 75 423 91 76 127 640 134 257 138 420 146 643 165 405 176 950 188 857 194 191 206 330 285 290 295 417
9 801 19 830 31 118 55 966 60 265 90 515 93 807 120 508 122 885 129 300 132 918 212 459 266 195
10 553 22 283 24 863 33 177 40 521 75 457 79 516 110 796 147 992 158 184 167 246 168 935 177 828 207 276 210 737 214 826 234 277 248 569 286 481 298 784
5 534 24 107 89 855 98 711 132 834 162 968 167 760 174 36 194 803 241 485 247 807 271 586
0 827 19 272 31 698 41 647 70 542 134 279 148 876 150 251 153 685 158 298 231 530 232 281 242 17 264 959
10 672 47 729 50 481 60 781 66 660 75 554 124 32 131 193 179 17 198 276 209 466 232 333 248 941 259 515 296 496
1 864 8 727 62 117 74 182 150 180 210 768 251 574 273 176 277 57
4 807 9 571 30 210 55 446 67 692 88 166 98 225 103 75 112 833 127 781 150 850 152 445 169 761 204 105 206 761 230 777 232 218 258 287 265 362
17 186 53 897 60 368 66 894 117 383 124 18 162 778 172 71 202 956 223 100 228 320 238 205 260 668 285 687 293 788
7 213 23 107 63 290 70 169 76 354 108 637 125 837 142 748 144 712 188 925 229 767 264 911 273 153
4 217 41 561 88 148 112 391 121 522 180 525 213 362 258 813
8 425 15 954 17 258 51 686 64 427 153 470 171 146 180 451 184 797 194 487 209 882 213 508 227 83 246 41 270 626
15 469 56 712 57 216 92 653 96 417 100 820 103 627 126 9 129 175 146 661 164 375 176 500 250 274 260 232 264 327 275 844 297 447
22 591 95 911 139 607 140 34 175 250 214 129 281 830