100, 517
16 479 3 965 19 713 76 144 80 689 85 452
7 237 17 880 41 50 85 588
11 854 25 804 36 704 58 488 84 447
6 116 10 980 22 644 26 970 34 916 38 747 54 409 58 221 67 415 72 207
3 660 8 251 16 457 45 468 63 738 64 471 67 87 88 965
43 707 76 30 77 630 84 932
11 699 29 433 49 896 62 115 67 334 77 494 84 351
32 698 61 954 91 497
2 757 16 767 26 322 44 854 51 1000 77 305 93 395 95 204 97 987
27 656 34 355 36 295 59 927 81 169
43 243 48 128
35 921 66 540 86 619 88 748 95 980
0 382 9 489 31 303 53 910 63 332
66 551
10 445 20 372 27 993 56 864 63 554 66 267 92 640
64 398 94 485
20 50 21 831 24 991
19 112 45 928 68 649 80 897 89 338
5 633 19 16 70 640 88 560
6 423 31 503 38 818 66 958 89 742 93 578
11 446 12 87 26 957 73 54 78 64 95 858
41 928 47 598 63 95 79 62 89 520 98 63
18 485 21 813 57 16 91 219
6 517 45 335 51 250 55 998 87 378
12 480 50 88 64 355 80 29 95 774
12 28 57 51 64 348 85 414 88 838 90 502 91 361
6 703 53 678 59 148 61 66 74 83 86 24
12 277 37 567 67 530 73 597
22 739 23 278 34 893 52 891 99 917
38 828
14 230 16 53 17 799 86 564 90 8
29 60 61 311 76 961 84 125
2 539 6 388 10 405 31 991 37 555 44 232 49 97 64 929 79 56
47 849 56 543 78 110 90 723
85 107
4 130 12 836 44 871 62 123 77 161
21 582 26 133 33 451 44 966 49 682 67 752 69 371 79 304 84 437 86 172 96 700
26 739 53 942 71 536 85 654 89 85
29 266 87 295 94 842
7 550 89 974 92 326
2 886 33 722 44 723 52 89 88 894 95 461
26 279 99 162
3 877 64 462 71 461 87 551
8 715 22 478 35 411 80 678 94 254
13 418 14 625 34 753 41 313 54 684 78 314
28 58 41 494 44 205 52 136 64 319 81 844 82 877
3 802 16 265 17 573 53 372 55 322 64 405
3 737 6 749 18 340 66 744 71 506 79 236 86 391
2 532 11 477 37 958 41 105
26 280 35 742 60 429 66 974 92 176 97 534
19 825 32 934 38 326 45 638 52 361 68 88 84 933 86 354
0 112 6 555 21 231 44 481 57 56
8 901 11 940 72 66 75 67 84 423 87 616
46 519 51 29 56 739 82 621 93 946 97 316
0 998 1 50 33 67 36 999 42 602 52 563 79 542 92 791
47 718 50 410 54 401 58 980 66 369 81 966
9 981 11 144 19 472 29 417 64 900 99 182
28 237 82 406 88 270
55 104 99 267
8 194 18 245 26 470
3 256 10 859 24 742 70 267 71 147 84 860 92 380 96 302
6 345 26 819 32 232 35 861 57 425 59 826 68 914 69 92
2 412 14 903 27 303 43 458 95 807
13 168 35 854 90 731
3 153 6 701 9 922 18 234 42 545 44 987 62 91 71 234
25 511 70 648 71 917 83 670
17 695 22 414 25 258 46 483
41 550 47 442 73 637
12 473 14 590 35 261 38 698 58 281 64 109
11 982 20 954 32 899
3 341 23 687 27 166 31 653 38 472 76 454 91 243
27 448 31 741 34 597 92 954 96 527
24 786 69 789 74 868 82 836 91 108
4 40 7 247 30 361 31 362 60 551
15 618 45 842 47 674 62 92 77 636 93 859 97 218 98 243
21 766 43 109 65 695 67 716 82 770 97 827
17 341 23 491 32 140 90 66
34 848 96 828
6 956 53 332 66 717
27 957 38 785 44 319 58 517 61 261 84 568 85 975 87 132 91 658
19 770 40 93 51 767 68 779 97 418
1 923 3 115 28 452 37 422 53 592 62 234 67 705 79 71 82 154 83 37
11 655 46 318
5 718 23 238 42 190 48 21 95 232 99 766
4 281 87 292
18 149 27 790 35 575 57 479
25 873 31 992 38 469 40 401 92 68
0 673 6 585 22 410 24 766 33 719 62 595 67 583 99 247
1 643 8 287 31 534 44 128 67 123 86 960
4 202 39 208 64 430 73 159 79 221
0 841 47 960 83 128
11 188 24 978 48 195 96 752
0 42 4 611 14 109 52 337 97 907
12 982 38 38 40 767 46 84 66 467 70 636
8 84 16 771 21 861 25 157 26 94
12 457 32 947 43 220 45 83 67 172 80 224
25 902 27 600 36 633 74 927 89 139
50 92 52 469 68 682 75 397 98 274
4 858 13 57 14 432 17 590 32 210 51 362 68 644 74 648 77 218 83 798
13 809 48 70 94 433