200, 1958
16 618 19 648 22 315 28 449 32 509 34 328 35 796 38 258 48 174 50 937 76 32 79 680 82 75 85 310 114 42 142 66 153 154 183 220
3 973 32 319 71 219 85 391 95 904 103 249 117 960 126 458 133 225 146 770 156 201 177 907 179 361 184 463
0 257 15 339 20 329 35 744 71 982 119 379 125 812 155 830
7 872 31 694 94 212 119 701 125 578 127 119 169 469 191 397 193 149
8 80 31 307 49 930 53 903 60 448 62 296 78 208 123 825 159 807 166 54
42 236 63 687 74 560 118 823 133 359 168 541 181 121
0 178 44 864 51 331 53 194 65 772 83 665 98 65 106 972 127 59 130 150 175 791 188 105
4 159 19 879 31 193 33 196 38 747 61 489 95 614 122 290 146 795 166 866 171 198
2 512 5 325 14 584 34 642 62 130 63 808 89 32 115 287 154 466 159 525 192 765 194 504
2 525 35 221 41 458 80 798 130 670 160 898 196 723
16 237 87 167 126 670 146 963
47 563 52 665 59 347 61 312 88 636 150 460 168 631 189 897 194 113
39 559 44 583 137 457 143 196 146 810 168 269 172 29 186 889 196 483
14 737 29 593 38 191 43 696 44 113 50 608 54 549 87 821 96 739 103 985 107 140 119 379 125 442 130 37 194 891
3 995 26 618 44 4 82 346 88 254 97 35 108 224 116 764 127 341 153 473 169 358 190 358
3 347 33 879 42 333 90 228 93 793 138 626 167 255 192 895
53 871 66 167 77 403 81 698 85 641 91 547 109 746 163 657 199 118
33 784 42 941 58 757 60 807 97 821 119 937 123 397 133 281 136 501 187 323
3 689 25 941 29 257 56 590 144 242 148 760 160 668 163 10 176 159 178 473 186 490
8 357 40 28 66 105 89 519 98 40 132 279 151 346 154 50 174 666 184 394
8 687 18 488 29 677 62 214 72 461 76 700 96 21 123 835 143 317 184 546 189 961
9 621 11 981 64 459 73 713 93 466 118 230
61 5 62 39 139 99 178 141 185 78
0 369 63 348 72 86 163 780
30 582 32 919 41 776 53 169 63 46 103 245 115 209
20 527 29 893 68 621 95 656 120 905 144 849 153 642 166 784 178 719 191 212 192 458 194 105
0 540 8 110 20 895 46 609 75 1000 102 496 103 291 104 711 123 976 125 369
25 951 67 168 76 217 85 788 91 849 93 477 122 549 152 221 165 291
21 993 22 905 38 650 70 987 155 799 185 152
33 314 98 549 112 999 119 165 151 205 164 480 175 278
5 746 6 436 41 929 74 563 84 20 103 450 109 508 151 900 191 487 195 409
34 497 52 119 79 525 88 440 92 962 103 239 132 92 169 971 183 178
5 386 6 78 44 208 88 179 115 892 129 1000 140 981
3 360 14 855 53 932 93 735 110 926 122 670 125 733 134 728 146 999 154 849 172 794 182 405
6 527 100 682 109 307 154 488 158 581 177 501 181 369 187 108
13 292 27 299 28 11 36 515 44 265 67 559 138 379 174 464 196 788
34 779 62 613 63 643 89 25 127 531 137 23 153 916 165 364 173 517 179 298 183 10 185 796
16 15 52 479 62 987 100 246 134 548 141 577 146 419 148 143
5 48 25 230 59 864 68 719 76 129 104 902 106 391 163 890 177 247 183 616 184 549 188 653 192 645
5 910 22 973 28 831 69 565 87 322 88 861 93 885 114 985 159 783
51 749 94 901 100 486 146 209 158 876 170 472 179 548
9 849 23 471 63 64 76 743 96 789 105 131 130 401 148 856 150 674 194 513
12 631 37 194 46 386 52 549 86 15 105 188 106 710 144 645 152 537 168 727
31 160 53 476 62 133 77 346 121 32 145 819 162 545 181 33
72 898 81 945 103 850 125 700
5 117 6 694 26 991 36 877 46 196 51 530 68 349 71 375 76 15 90 640 105 787 135 201 138 933 149 470 158 742 171 654
5 164 7 354 17 367 22 343 64 610 83 503 85 167 90 330 117 828 123 744 164 706 167 862
4 8 7 534 12 393 36 401 66 872 98 352 119 94 179 67 182 61
10 976 20 384 30 708 33 3 47 823 60 837 75 44 89 423 143 749 166 983 188 242
14 840 20 527 59 276 87 116 96 24 100 90 118 717 124 593 131 494 136 218 151 808 166 994 172 612 194 5
8 766 35 746 37 228 38 137 40 416 41 260 56 734 75 836 88 81 97 823 108 560 141 92 148 355 159 264 196 611
52 636 74 168 86 335 93 150 133 564 148 404 188 50 198 356
5 282 26 115 59 380 69 752 98 487 125 875 178 482
12 748 14 918 52 201 81 244 96 385 114 855 117 388 131 540
31 741 55 370 89 590 111 982 113 751 126 508 138 336 162 194 168 496 185 814
65 374 69 493 79 751 80 358 114 516 123 124 138 256 143 681 157 554 158 634 164 785 176 756 191 111 199 78
25 858 31 371 35 372 67 644 72 859 143 372 153 381 197 610
2 796 7 434 23 354 31 999 40 882 73 850 74 511 134 116 171 765 182 418 183 818 187 547
56 722 68 721 72 91 98 625 119 841 187 907
8 708 25 148 29 134 64 876 67 930 68 15 82 73 90 261 103 621 109 285 116 460 119 648 123 583 137 556 141 914 156 675 185 157 191 969
3 420 24 885 37 764 42 575 63 864 79 303 90 703 125 481 135 798 141 477 168 252 169 749 174 227 186 632
1 620 9 715 110 391 158 36 171 277 184 338
22 489 28 280 38 975 66 649 72 416 111 626 153 623 156 483 157 952 167 612
21 562 35 47 44 297 64 212 72 84 99 80 104 417 106 220 109 489 112 873 134 264 139 947 149 333 160 55 177 467 191 755 193 199 197 715
19 434 38 772 42 780 52 771 60 441 61 754 65 798 76 947 119 178 134 650 151 692 164 339 172 841 182 767 198 554
0 795 27 147 50 230 54 792 64 638 97 941 117 575 133 83 168 972
13 752 15 316 24 792 35 250 49 983 53 638 64 320 78 110 91 744 110 87 118 444 119 353 124 831 136 243 140 449 143 733 149 124 155 411
14 289 15 178 59 45 72 46 73 532 100 986 114 976 116 941 127 506 133 588 134 13 135 138 192 925
23 83 32 891 46 929 88 292 119 547 129 990
29 258 44 480 50 444 60 245 67 121 87 886
4 993 19 218 48 961 67 110 74 44 116 140 137 536 179 68 192 175 194 302
3 338 14 25 32 83 54 140 75 984 109 422 110 98 113 796 127 182 158 830 189 680
13 197 20 722 30 596 35 740 38 20 42 146 53 92 118 511 156 780 162 466 186 44
49 521 66 538 87 216 98 481 99 100 102 285 103 780 122 761 159 142 165 229 173 786
2 606 9 559 13 602 83 100 88 111 138 500 156 804 172 226
13 982 32 712 38 157 44 302 58 4 147 303
18 390 59 651 74 823 75 753
29 74 88 425 89 324 124 943 139 694 149 142 181 447 191 143
10 463 40 115 67 421 79 545 83 715 85 48 112 778 134 754 171 648 182 286 183 741 185 321 187 13
6 956 11 249 30 709 55 584 57 904 63 414 64 666 95 850 100 924 119 692 156 912 176 883
8 129 31 11 32 316 58 759 77 819 112 655 139 4
7 268 56 62 61 301 66 557 77 876 120 700 165 12
5 613 20 603 47 514 154 100 160 679 167 543 170 647
25 558 46 826 55 797 85 7 118 516 157 847 191 792
16 236 22 386 99 760 128 269 139 709
33 896 43 150 61 398 70 2 76 558 135 761 137 135 157 219 169 73 174 79 195 954 199 625
6 192 74 528 81 596 89 895 93 994 104 116 124 776 134 870 153 385
19 300 22 318 46 830 74 632 76 115 82 176 97 422 112 880 149 939 188 724 193 58
6 811 16 851 20 93 40 127 42 485 62 441 65 522 68 935 90 695 106 805 126 1000 152 359 166 352 169 933 190 556
1 244 18 107 32 983 100 953 104 890 109 307 121 655 123 570 130 836 174 292 199 854
5 870 75 965 93 944 116 490 119 877 133 94 134 796 158 936 173 552 183 110 199 145
10 263 38 793 60 862 119 762 129 890 146 232 169 65 184 58
1 986 11 442 15 923 115 347 143 585 149 241 159 194 163 429 173 300
4 353 6 607 15 214 74 809 91 306 92 620 108 746 121 509 132 63 180 172
17 171 26 297 61 885 116 66 173 583 191 730 197 862
3 579 69 644 71 532 76 334 87 671 105 620 109 188
14 706 15 973 17 904 32 471 36 919 49 233 95 252 98 308 101 328 106 339 117 37 119 959 120 984 136 902 143 575 151 493 160 600 175 36
3 551 137 467 139 427 156 122 160 242 198 347 199 183
38 357 47 261 66 401 114 891 115 64 117 263 183 989
29 563 121 629 128 743 130 887 131 812 198 808
11 281 44 457 54 83 55 210 58 340 101 810 116 731 138 45 146 538
6 688 36 280 65 429 73 481 82 267 124 347 196 995
15 716 32 876 80 928 86 653 116 221 123 475 155 101 181 474 185 989
25 649 34 831 67 14 135 41 142 310 166 444 171 755 187 842
27 325 29 580 40 809 49 830 69 168 79 400 106 984 125 724 127 730 140 622 141 614 147 839 167 342 172 499 188 621 196 778
3 74 42 390 70 94 114 507 167 950 174 493
11 542 14 603 60 338 74 525 79 357 87 509 169 993 178 658 184 4 194 640
2 468 10 869 38 273 60 918 82 741 88 701 124 691 127 528 149 547 196 292
15 910 19 95 56 570 71 14 75 373 97 491 99 486 139 281 162 302 189 661 196 600
23 133 44 11 60 906 67 44 96 8 127 234 132 490 152 683 164 506 172 435 186 679 187 622
44 616 53 749 105 131 131 894 138 222 150 96 193 349
7 693 51 77 59 57 86 661 91 970 96 391 110 293 162 482 163 487 181 916 183 507
4 651 19 487 27 495 60 181 113 401 130 206 132 164 133 639 143 987 161 591
5 637 32 439 50 268 55 228 87 921 100 741 101 633 117 618 119 94 143 411 146 664 149 257 155 841 165 852 168 960
21 698 98 42 134 530 143 994 165 622 171 338 174 778
15 138 23 762 31 123 69 821 79 43 83 376 86 411 92 485 122 208 134 215 154 993 156 239 191 289 195 206 199 758
15 270 100 940 150 473 162 910 165 945 169 303 183 604 189 934
20 418 40 630 49 243 53 780 109 372 127 478 135 899 137 428 140 958 165 768 179 64 181 426
4 757 131 693 137 168 141 123
18 834 30 488 41 421 50 814 74 983 87 966 99 746 140 941 172 55 183 399 184 157 185 260
12 831 56 432 60 503 64 1000 106 690 122 160 157 781 195 219 196 161 199 336
2 593 22 58 63 774 81 265 98 872 120 788 122 404 171 507
13 531 70 681 105 648 110 29 114 393 117 242 119 892 126 939 138 727 157 618 164 45 195 461
20 626 22 531 31 282 33 753 64 167 131 556 156 526 160 678 195 973
3 674 25 149 27 109 32 394 39 597 44 287 47 21 72 122 85 515 96 439 117 96 139 709 161 910 198 543
27 99 90 35 121 897 136 9 166 886 174 778 193 589
21 815 37 745 48 625 54 64 60 923 83 120 122 134 130 77 150 33 155 492 158 238 170 643
3 491 6 634 22 977 23 231 48 44 56 956 82 727 87 10 94 320 100 622 107 770 137 867 166 199 192 71 196 786 198 66
39 844 50 219 124 124 139 787 153 91 174 946 180 804
48 323 95 29 97 979 113 203 121 110 124 892 130 777 171 572 183 756
69 108 154 250 165 807 187 792 197 980
46 381 70 318 83 853 94 24 103 686 122 852 136 377 137 397 153 950 170 242 176 59 181 762 188 753 196 525
23 107 122 546
15 142 26 583 55 339 59 115 71 752 90 232 103 89 107 519 161 637 164 144 198 565
7 73 14 504 32 228 46 503 49 484 57 994 58 938 79 554 82 116 94 844 119 882 121 495 131 22 153 282 158 314
24 636 35 746 72 892 92 23 96 407 98 351 121 209 142 713 160 895 189 182 191 297
15 959 50 531 51 736 57 88 60 908 96 666 100 802 108 547 110 790 131 607 161 756 173 140
3 577 28 297 42 191 43 447 46 987 57 32 62 783 65 284 107 28 114 395 183 822 196 694
6 26 13 601 39 615 44 214 53 411 66 223 75 703 95 497 100 374 114 334 148 294 152 573
2 668 32 368 48 382 120 828 124 512 131 300 168 747
20 243 30 723 33 785 43 678 48 280 62 474 75 507 99 916 132 311 161 224 167 561
66 935 79 872 121 682 138 956 195 142
7 922 23 900 32 756 44 704 82 173 89 39 175 200 176 684
5 854 28 728 88 442 99 387 102 295 114 8 133 388 172 987 182 218
0 107 39 281 55 243 97 357 100 563 132 317 146 371
31 379 35 145 52 692 55 613 57 623 58 223 77 31 96 546 103 393 107 765 119 389 127 82 148 343 176 603 190 882 193 19
85 34 88 481 91 283 97 950 113 279 134 17 139 58 169 455 175 98 188 69 191 765 198 122
7 904 26 32 36 814 54 219 159 754 167 559
1 438 14 487 64 448 78 680 81 145 86 14 101 827 191 50
2 975 28 657 51 102 78 556 82 661 125 93 138 232 152 354 165 264 168 391
0 719 19 54 22 52 25 38 79 96 95 384 99 471 156 274
20 206 22 338 43 571 64 799 81 364 136 216 141 548 177 380
1 146 35 487 42 257 87 220 94 444 112 319 116 315 121 829 123 158 137 399 138 490 143 946 155 370
11 616 32 836 34 917 41 554 43 927 51 287 56 81 59 818 82 549 85 328 106 309 139 186 159 279 190 620 197 913
24 954 33 518 34 229 55 199 68 101 70 546 87 515 88 847 100 933 118 958 129 256 135 328 162 102
0 778 2 334 29 76 46 764 50 572 107 542 112 41 118 483 128 953 146 362 150 440 168 476
24 510 34 970 35 944 36 128 69 42 90 369 96 673 114 333 118 220 125 859 128 673 157 529 173 808 187 501
5 222 55 964 57 837 108 398 127 435 141 999 143 426 162 965
7 595 49 55 76 614 81 427 96 306 161 333 178 239 185 102 190 554
35 524 41 655 93 614 132 762 135 546 139 329 162 98 194 714
6 791 12 910 15 507 25 161 33 931 40 724 46 829 68 424 77 812 89 248 135 442 137 532 144 525 161 991 183 532 185 747
6 210 70 453 112 809 128 49 153 49 181 487
23 678 36 355 59 814 65 314 72 766 82 151 86 358 103 705 105 281 140 52 163 673 170 8 190 818
30 739 42 866 59 162 60 995 90 564 102 46 140 288 164 306
43 158 75 778 151 47 159 102
70 678 75 976 87 762 93 491 133 260 138 995 155 469 168 835 180 817
17 99 27 699 57 49 94 465 101 847 103 438 107 741 111 698 117 821 132 290 146 163 164 132 174 994 196 824
47 134 66 202 68 132 92 990 117 290 125 478 132 795 134 468 146 158 173 297 179 491 183 300
23 374 32 38 42 59 73 609 81 335 103 808 108 120 130 287 152 485 157 846 176 997 177 84 190 35
37 459 44 872 52 391 63 399
54 202 71 181 79 812 115 318 131 679 147 787 167 362 173 27 194 598
39 923 40 934 54 46 59 980 62 696 77 405 106 25 115 965 135 484 166 663 184 941
2 773 8 199 11 290 15 234 19 985 22 389 32 143 71 558 94 754 97 279 99 748 101 712 147 674 151 994 157 100
9 798 82 236 117 848 119 658 137 827 142 395 143 42 147 7 161 366 186 756 190 805
0 623 18 136 37 969 51 493 53 161 87 948 163 313 168 709 187 468 198 189
68 931 73 218 84 819 96 886 138 40 153 666 159 17 195 697
55 153 72 993 77 270 82 613 119 487 139 322
25 896 43 913 69 186 84 482 107 51 133 662 149 874 184 496 185 295 199 144
25 413 53 246 54 313 61 834 117 450 140 974 144 207 160 95 171 962 173 64 191 829 192 295
27 390 32 880 59 194 94 458 117 812 162 8 166 157
4 679 50 120 96 495 97 795 134 550 161 722 169 530 194 325
30 450 33 704 51 776 62 79 82 590 86 449 147 751
43 272 103 240 109 695 118 17 170 828
12 637 34 746 77 813 87 410 105 802 108 219 132 171 163 314 179 279 180 727
8 331 17 254 41 803 49 600 63 80 76 428 108 841 173 637 198 578
32 452 37 356 58 212 82 859 85 637 116 51 164 751 173 542 191 954
2 981 18 246 46 633 65 772 100 297 105 739 114 91 120 300 139 733 142 289 148 245 152 449
41 107 54 346 94 882 112 345 163 435 177 493 196 602
14 895 17 14 33 203 55 74 93 861 97 733 99 641 141 541 179 227 194 47 195 118
27 287 35 224 39 28 92 650 148 678 166 225
6 875 22 70 90 866 96 414 110 693 132 466 137 875 173 57 177 413 178 821 193 110
21 37 63 334 65 926 80 225 129 773 136 965 182 995 187 89 197 210
21 316 49 415 96 903 105 366 120 30 122 228 125 670 168 610
0 454 6 618 10 115 31 491 43 836 68 80 102 490 110 852 121 663 127 144 129 62 190 854 195 533
13 357 30 539 69 764 161 691
0 194 34 481 43 477 52 197 78 47 85 223 86 142 118 95 123 787 126 778 137 212 165 468
2 638 4 206 18 667 22 969 36 219 43 419 46 559 67 316 117 144 181 968 189 609
24 418 33 165 56 563 57 542 59 905 83 219 116 724 117 821 130 654 153 169
8 997 9 941 12 396 32 55 42 712 124 375 162 377 184 557 186 49 196 278
1 394 19 278 40 829 78 757 104 59 123 47 161 332 187 537