400, 8020
256 487 9 366 47 927 71 57 82 544 85 651 107 299 127 449 128 673 132 701 153 628 174 766 197 805 202 138 218 576 241 306 254 456 262 589 301 439 333 526 383 566 390 456
22 473 23 387 30 497 40 160 82 869 98 202 109 830 123 667 195 537 227 514 229 103 233 161 266 944 286 429 330 208 342 699 356 496 360 662 374 399 376 606 394 487
0 904 12 129 34 724 56 898 78 361 108 57 110 925 111 703 115 655 133 412 156 810 157 465 158 162 171 384 192 623 205 84 230 349 234 278 239 765 240 476 247 708 253 460 282 153 290 412 350 523 360 799
10 731 27 932 29 836 36 211 38 804 61 181 102 108 113 9 125 916 132 535 158 820 207 670 224 671 245 727 279 548 287 356 304 366 306 50 346 63 386 1000 398 667
1 908 8 237 143 330 153 913 155 673 162 583 165 14 230 684 245 658 252 567 273 771 287 513 293 257 302 156 310 88 313 497 360 266 387 411 388 417 398 512
2 147 31 349 33 703 37 741 49 923 51 718 54 161 107 547 115 11 149 528 159 656 176 297 195 340 201 734 233 45 234 795 242 378 248 282 282 63 303 323 313 37 327 619 337 480 372 891 374 377 377 569
69 17 80 272 81 78 83 910 107 19 116 203 170 281 233 710 237 323 251 152 276 4 279 382 291 807 299 326 313 355 334 443 342 366 372 781 381 190 399 788
17 515 39 881 74 222 104 366 124 96 138 992 147 933 178 299 179 360 206 665 233 5 243 241 246 685 257 654 264 477 276 416 383 211
25 161 123 34 126 632 158 702 220 704 245 405 252 778 272 569 302 271 307 689 312 263 337 493 351 804 362 693 364 212 385 455 386 471
0 53 2 181 6 982 35 798 46 144 78 506 82 73 93 540 115 332 124 100 127 576 128 786 135 254 159 76 167 763 193 314 212 324 230 840 246 523 247 203 258 59 260 310 276 691 323 7 362 865 364 420 365 406 378 272 385 29
41 509 69 503 77 812 79 281 82 328 112 462 139 350 143 638 151 687 196 738 215 706 229 521 246 15 258 392 273 838 302 550 317 550 336 346 360 931 369 10 393 258
48 643 66 707 70 73 76 595 114 955 141 698 143 130 159 461 171 618 184 553 187 498 189 184 221 911 244 820 272 443 323 782 327 898 344 332 360 291 384 151 388 30
6 613 33 741 39 539 53 736 56 986 59 308 65 144 95 13 108 113 110 944 112 615 338 141
97 597 133 577 134 413 139 643 162 625 204 900 205 865 209 429 220 647 226 301 237 554 242 244 254 426 256 774 268 792 284 333 301 701 307 451 322 77 332 97 333 709 376 642 380 195 391 687
75 57 94 420 109 760 139 868 157 131 163 472 167 213 198 692 200 774 243 24 260 170 265 571 302 532 312 123 335 661 337 557 355 379
43 513 53 400 76 297 77 714 92 445 127 313 132 369 176 356 188 163 197 28 277 860 307 816 314 526 328 183 330 182 338 501 341 5 367 964 377 587 390 992
2 232 44 316 58 607 96 282 120 774 123 960 158 460 164 718 168 804 169 46 199 460 210 934 220 76 235 113 269 551 316 649 334 337 354 568 370 171
5 186 10 276 15 711 24 888 41 871 65 572 75 334 120 311 150 957 157 142 196 392 197 356 246 24 285 865 286 580 308 269 314 93 321 893 345 936 358 671 374 371
62 915 157 348 161 184 165 326 168 247 183 527 190 469 227 118 239 916 260 187 269 130 308 101 329 993 335 428 387 419 395 672
25 696 28 650 38 340 39 644 58 173 64 481 103 17 105 88 138 509 153 329 172 144 177 352 194 707 209 183 218 866 230 902 235 277 262 25 285 575 289 198 297 587 307 642 315 510 370 162 374 430
3 312 12 671 40 509 46 536 50 928 54 813 64 675 116 905 136 98 149 7 153 286 162 586 166 734 178 911 182 538 184 186 185 518 189 938 210 133 214 322 215 663 258 570 276 456 284 888 299 614 308 897 322 298 388 993 390 35
5 104 37 81 60 254 89 361 142 216 149 381 153 300 216 138 220 46 222 373 249 455 252 844 261 561 265 995 274 264 278 564 281 742 302 62 309 865 315 587 357 648 364 38 394 218 397 945
2 733 63 488 69 87 80 362 89 871 114 779 115 105 162 265 168 777 185 760 192 373 238 233 260 518 291 104 296 594 316 784 349 518 356 377 359 166 380 918
1 108 42 551 58 45 75 494 84 352 102 388 107 513 122 773 139 974 161 506 208 189 219 911 237 287 246 136 258 6 263 630 276 924 298 496 321 348 325 433 340 963 346 475 395 287 396 928
67 294 70 772 117 521 164 879 196 618 229 108 238 905 269 956 320 412 383 816
13 469 59 254 74 478 94 880 103 483 143 312 158 424 210 718 220 880 226 173 257 801 273 619 291 561 304 968 326 245 327 166 356 505 390 142 398 251
33 765 73 500 75 402 108 495 127 695 136 251 142 16 168 943 206 452 239 685 243 406 296 48 305 956 321 729 328 426 338 549 343 547 347 838 355 266 360 837 376 613
97 868 112 140 123 656 205 595 236 464 285 592 292 236 306 574 323 786 327 139 335 364 344 16 345 40 358 415 362 790 370 819 378 610
8 981 35 349 47 758 113 878 115 191 118 222 136 682 143 807 149 419 204 878 293 226 299 433 316 955 340 6 350 678 377 921 387 24
7 236 22 49 71 573 91 249 93 299 102 42 136 503 141 849 160 198 180 248 226 738 247 1 250 662 284 106 288 295 304 120 306 219 371 113 383 412 398 979
17 285 21 792 22 487 74 693 95 354 123 185 211 144 224 226 242 275 280 726 297 203 319 15 326 878 344 570 354 281 374 126 391 872
1 66 37 592 49 517 74 563 109 922 180 551 185 190 200 573 231 878 261 228 289 177 326 157 336 678 379 33 383 143 387 304 389 841
1 493 10 579 22 159 35 644 43 156 57 449 97 458 151 370 185 689 199 296 200 538 205 569 227 360 228 398 234 377 244 620 253 105 255 743 256 138 261 862 281 853 305 332 316 833 338 445 341 498 349 129 353 887 363 863 370 632 371 62 375 808 383 164
11 189 24 778 125 121 128 736 132 860 156 482 189 405 211 676 212 644 216 919 236 243 242 251 255 378 315 762
8 722 36 659 96 174 159 495 215 406 226 331 244 329 273 184 338 942 358 510 374 617 384 711 386 872
48 993 50 526 57 268 76 315 93 354 103 996 146 473 166 113 181 537 186 304 190 35 199 512 218 686 234 341 254 553 273 900 281 998 296 437 298 685 310 21 343 869 373 545 391 530
6 810 78 69 141 252 192 960 242 986 250 226 274 231 280 361 283 823 313 472 317 376 318 122 342 369 374 614
0 777 26 394 29 928 57 263 85 762 165 544 169 949 201 154 245 184 266 910 282 696 346 509 352 253 370 122 399 921
4 186 37 188 39 115 40 924 50 495 77 391 84 203 100 39 127 929 128 966 145 554 150 548 155 617 175 836 203 904 245 966 257 339 323 546 334 411 347 229 349 737 350 855 395 59 396 433
18 781 20 624 44 320 52 461 55 507 59 645 61 447 76 512 106 559 130 887 137 224 148 631 164 293 174 721 182 429 187 821 231 126 283 713 284 769 288 890 297 629 299 396 313 950 333 370 336 733 350 708
3 754 102 941 104 39 151 119 177 610 246 311 265 278 289 643 295 839 296 688 341 371 351 527 372 851 375 999 390 942
15 915 26 166 75 595 101 407 125 835 132 830 138 747 174 640 195 478 196 831 205 963 226 726 253 381 266 578 304 859 310 17 312 252 315 34 324 583 328 840 338 131 343 461 367 626 375 271 390 270 393 953
4 552 30 121 35 437 65 96 86 455 88 370 95 256 101 199 103 718 163 386 193 123 209 44 212 994 297 964 306 387 309 791 315 750 334 263 346 821 371 549 375 19 396 323
63 177 99 472 141 123 159 443 179 73 192 285 279 320 303 428 318 694 358 142 365 270 370 66
0 121 9 849 51 721 89 346 115 426 129 341 139 850 143 246 168 337 200 390 287 494 295 123 352 415 394 300
65 504 91 642 137 826 159 743 160 229 162 358 193 818 230 610 241 886 259 905 284 249 289 933 317 896 326 618 329 896 336 802 351 625 377 797
9 63 10 630 15 569 25 95 28 161 35 308 58 685 93 142 99 800 121 146 138 858 143 833 146 337 182 848 183 859 189 145 200 579 224 355 228 16 239 273 242 436 272 453 276 696 286 514 293 741 320 260 331 444 332 582 362 291 372 845
45 68 202 153 255 430 287 398 297 885 311 518 314 275 316 802 341 782 361 536 363 149 383 233
0 217 13 393 57 517 76 198 77 828 88 52 113 545 144 71 169 296 178 22 194 364 196 354 217 167 228 884 250 305 255 957 366 757 394 940
26 209 56 961 57 289 63 36 73 83 98 872 113 833 126 546 153 615 194 111 198 792 228 939 237 355 238 838 249 241 260 552 289 772 296 542 297 488 334 750 379 349
2 13 34 738 49 539 100 453 127 739 138 146 150 656 200 378 253 335 255 551 297 322 320 245 353 286 384 366
18 516 40 6 41 565 42 844 57 599 84 822 91 576 92 675 127 639 135 617 155 362 156 600 169 283 186 913 196 944 244 521 253 842 322 673 370 42 393 904 398 924
6 496 24 38 26 433 31 237 41 612 65 604 92 628 97 962 104 503 121 222 130 11 185 382 190 681 196 734 241 501 246 736 279 558 305 214 333 468 371 337 383 664 389 408 391 628
9 305 11 837 15 762 25 321 57 686 83 1 88 188 100 652 108 333 140 189 142 703 150 669 171 659 229 753 243 287 263 680 265 11 268 433 304 935 317 434 320 126
9 255 43 501 47 503 93 309 120 652 135 853 194 364 233 281 236 391 252 549 257 186 277 511 306 703 324 328 368 871 375 149 380 436
72 660 80 325 93 509 103 346 111 924 136 871 141 592 161 303 162 53 176 179 184 697 215 141 221 172 235 608 237 418 245 107 322 716 323 318 365 257 368 740 381 202 388 992
13 220 32 444 75 691 127 557 133 796 136 904 146 828 147 732 276 813 314 657 321 46 322 542 330 936 339 604 380 656 385 246
25 166 33 387 35 148 41 835 51 784 90 887 102 751 126 262 136 314 154 172 172 90 190 232 203 580 223 634 230 151 283 650 299 495 302 189 315 207 327 329 348 241 354 701 367 759 373 175 387 828
28 258 46 604 68 894 112 879 117 381 160 181 183 242 192 508 219 358 250 945 296 209 322 512 325 664 338 452 356 275 361 714 387 120
1 827 63 619 105 184 106 571 161 185 187 330 192 223 199 297 208 13 218 141 220 671 239 894 288 121 298 146 307 66 353 918 378 739
2 63 21 978 42 665 51 693 70 893 93 393 102 218 104 758 128 288 150 786 198 465 272 831 282 829 290 332 311 398 332 751 352 241 353 21 354 150 366 854
22 77 28 714 36 637 53 353 57 299 131 976 132 442 158 874 163 502 174 429 215 931 218 5 256 720 279 287 323 595 342 366 358 612 363 888
29 485 99 299 135 708 137 668 156 6 200 482 235 760 254 664 263 952 264 632 268 90 283 525 317 53
1 387 5 763 44 689 90 513 100 676 114 971 125 186 172 363 185 891 194 712 207 487 213 31 221 961 256 876 318 169 319 928 330 347 354 895 391 574
29 107 46 949 55 502 67 283 74 677 79 837 80 777 85 787 94 519 115 769 154 734 155 4 168 694 204 413 216 799 240 464 246 450 267 453 269 299 281 855 287 930 296 455 306 915 310 827 313 360 335 894 342 187 372 89
61 730 62 943 69 966 85 855 123 700 149 56 155 449 163 725 167 99 191 835 201 377 259 729 261 812 263 94 286 589 293 959 327 409 392 52
15 340 102 816 105 80 133 307 149 246 164 920 168 656 180 756 185 119 192 201 266 474 269 221 332 489 341 416 391 257
3 931 6 332 18 933 44 732 56 226 70 153 101 703 123 102 140 13 142 423 153 487 155 419 169 820 205 498 214 964 235 249 244 376 293 358 305 921 306 995 338 542 353 496 355 180 386 684 389 349
12 998 16 325 55 391 78 656 138 968 152 74 154 627 163 283 179 116 200 933 257 315 259 173 268 450 292 690 313 46 396 39
2 272 3 895 11 661 57 960 65 383 67 402 82 707 113 528 159 968 176 130 264 61 271 164 288 175 289 936 298 171 314 530 322 197 323 832 359 469 362 806 367 139 382 434 399 968
16 418 19 598 43 300 81 960 110 460 115 258 120 306 132 282 148 200 150 150 195 152 197 223 203 75 207 400 226 130 271 965 273 129 289 159 312 101 317 927 360 481 381 880
8 980 12 78 62 807 104 729 112 275 120 939 125 272 127 225 148 634 162 623 194 86 208 236 214 144 259 111 265 85 276 533 312 347 315 698 332 530 345 153 368 814
1 406 3 114 64 899 101 307 105 875 128 785 141 811 142 272 144 539 148 317 149 900 181 735 188 767 190 817 233 887 234 935 243 362 295 190 315 605 320 956 338 485 347 872 388 670 392 520
50 47 60 998 92 834 97 187 134 788 165 789 213 642 216 577 237 671 279 125 325 531 388 102
23 8 50 307 71 606 87 367 90 169 99 818 143 445 149 547 169 135 244 661 251 533 256 539 268 586 276 910 342 475 344 227 351 72 363 191 373 550 378 352 388 100
49 735 58 741 83 194 138 379 143 219 160 145 236 336 242 203 269 577 293 803 348 611 351 504 393 932 399 702
8 957 31 850 33 998 39 385 41 502 42 282 59 83 70 467 95 323 115 159 129 943 137 350 145 249 164 588 190 177 194 837 225 456 259 383 277 975 280 263 284 493 369 969 377 521 381 482 396 599 399 407
20 942 47 861 62 804 67 288 76 699 78 305 82 767 208 395 212 278 231 650 242 982 254 593 267 774 288 994 335 378 356 990 368 797 371 801 373 820 377 61
5 437 13 777 24 623 30 264 56 449 131 912 141 320 146 922 171 748 217 152 222 11 249 112 279 978 306 867 311 468 315 975 350 440 355 18 364 466 369 792 385 514 389 390 393 136
12 948 43 603 50 162 52 958 56 291 75 856 85 482 87 555 91 923 143 558 174 542 176 829 207 532 311 85 325 606 335 962 352 536 390 893 391 373
14 37 16 31 37 16 51 943 67 198 100 283 135 193 237 831 245 374 266 867 271 967 274 676 303 903 378 316
12 332 17 481 120 231 122 254 179 800 201 834 210 208 222 42 248 101 259 355 261 355 290 534 322 978 358 231
26 279 38 854 69 725 71 704 89 587 114 699 162 259 163 235 181 996 188 141 216 137 219 149 242 232 263 285 284 969 292 150 325 941 372 733
14 740 27 808 30 270 69 87 73 592 119 132 156 3 188 978 200 584 219 48 279 421 289 783 326 343 337 566 339 909 340 765 350 640 358 90 368 251 388 474
19 468 55 427 72 923 170 891 189 207 215 611 240 101 254 279 269 780 273 843 278 927 305 740 368 352 371 700 390 246 399 906
5 143 56 490 61 236 75 759 91 943 129 636 155 499 168 60 187 274 211 150 216 948 235 160 246 31 254 491 262 439 277 3 286 163 321 854 322 812 333 632 353 293 381 932 395 390 398 816
8 138 31 740 44 718 47 283 115 985 128 104 175 332 272 833 275 620 312 62 345 666 351 328 352 165 354 123 366 451 371 500 375 793
26 806 32 862 54 987 91 667 94 913 131 454 142 540 146 272 150 25 153 662 163 597 186 749 199 723 219 17 231 146 300 611 301 668 321 56 328 315 339 131 341 605 358 349 361 277 370 74
10 516 91 478 110 931 118 931 129 251 162 903 193 473 213 584 229 664 235 163 245 56 276 550 278 392 308 362 316 18 337 825 352 309
39 539 114 783 137 278 164 244 173 134 272 731 279 384 342 469
41 235 63 352 98 717 105 736 132 402 145 311 165 894 191 258 245 19 276 456 306 42 320 750 324 590 325 173
25 279 46 87 57 753 84 586 94 222 97 292 123 665 154 266 194 71 195 476 211 259 244 195 246 996 255 557 268 731 284 823 288 426 309 227 319 332 337 642 369 176 371 883 396 58
14 177 28 117 45 817 60 889 77 553 165 839 174 852 182 248 205 589 266 78 268 221 279 666 283 562 309 63 318 462 333 563 367 71
11 824 28 868 33 964 51 713 62 296 65 110 87 916 95 216 101 315 126 321 141 957 145 616 155 940 184 906 186 802 193 418 195 396 268 997 273 213 278 489 281 717 339 394 378 67 392 933
34 896 44 634 132 828 213 506 253 251 255 998 263 919 311 724 361 90
39 68 52 133 64 606 65 358 117 278 131 969 133 32 138 692 146 857 198 217 221 645 230 79 243 456 244 121 250 284 275 755 282 104 320 557 351 409 360 331 374 445 382 456
47 231 49 423 75 884 130 63 154 470 208 523 258 526 262 919 334 484 346 602 367 878
21 817 32 54 44 646 55 13 62 629 89 991 100 383 115 19 120 634 139 819 142 473 153 554 163 720 183 545 218 926 223 523 243 929 247 702 249 274 250 234 251 730 253 329 254 366 279 73 283 838 290 614 294 835 302 192 307 306 327 958 353 29 368 553 370 804 373 538 397 659
28 927 40 544 79 170 108 600 115 304 122 225 131 213 268 197 277 317 298 172 329 859 338 784 347 316 355 434 378 620 389 104 398 394
22 732 25 134 29 170 30 551 40 95 50 852 72 831 128 424 140 17 151 409 169 738 212 380 240 298 244 879 245 891 251 988 338 230 351 220 379 102 397 270
31 606 34 786 49 803 62 486 71 282 106 470 136 750 161 325 169 457 184 536 215 211 221 840 265 275 266 785 278 204 295 686 296 749 304 118 324 324 392 547
6 404 30 807 31 22 70 270 122 554 136 817 194 871 218 342 227 322 399 80
33 54 113 946 125 341 130 991 163 920 185 902 191 851 198 170 232 434 237 757 245 776 258 1000 314 72 330 238 345 917
22 80 57 971 65 805 100 535 116 464 140 424 196 843 224 74 228 61 253 80 260 800 265 176 268 144 307 68 309 400 335 374 337 345 349 698 351 486 359 936 387 444
35 982 98 781 107 738 144 625 152 983 256 17 264 5 303 716 304 27 326 229 338 102 358 432 363 557
20 157 39 920 57 282 77 20 123 577 129 700 130 127 191 625 198 134 225 855 253 902 265 515 267 518 278 857 344 867 353 201 354 168 358 44 377 756
7 228 15 191 23 684 29 963 57 111 71 59 132 349 136 948 142 479 143 724 198 798 243 988 253 912 290 903 296 878 308 209 348 646 369 102 374 879 387 65 391 798 396 682 399 531
27 86 28 875 33 723 46 740 81 662 110 982 114 106 130 128 158 28 169 277 218 210 234 215 259 576 263 350 273 357 290 288 325 232 331 449 344 255 350 613 392 762 397 692
21 445 27 666 36 400 40 491 106 728 111 686 143 321 181 329 182 463 194 203 196 903 226 460 231 616 251 234 255 922 263 783 273 913 307 73 325 146 332 336 340 356
7 35 16 63 28 847 32 425 62 486 81 816 93 375 99 376 104 558 110 784 111 657 113 585 134 372 149 756 152 156 176 357 209 106 254 826 280 16 304 458 322 64 343 778 351 632 384 832
31 765 48 692 52 876 128 975 141 674 143 849 145 506 164 614 180 657 199 367 213 16 218 984 220 569 281 190 295 873 319 556 325 467 353 598 392 66
13 133 14 286 15 40 42 476 49 915 51 362 77 859 92 114 115 924 126 729 145 214 149 876 165 242 173 298 176 234 192 797 215 955 246 164 247 817 255 411 256 422 260 252 263 746 265 631 270 567 272 653 302 188 318 883 325 322 334 690 350 481 368 435 383 449 396 383
22 780 64 744 86 799 109 334 114 976 142 501 150 233 162 20 179 555 189 830 192 290 217 968 235 389 245 661 268 739 295 250 305 936 352 275 356 789 384 709 391 114 396 452
23 277 35 884 86 477 140 432 152 739 182 874 187 209 197 312 210 193 220 671 244 771 254 963 272 564 330 173 349 815 354 992 389 273 396 230
24 787 25 545 27 129 55 701 60 572 82 39 84 662 106 582 108 347 117 723 131 539 160 269 164 753 181 783 191 256 225 207 241 527 318 537 333 313 352 167 361 827 394 502 395 336
8 24 56 484 59 233 66 57 71 790 76 706 88 943 100 227 161 739 163 242 176 824 198 307 208 70 220 901 255 645 259 376 282 788 292 527 303 494 311 387 335 784 336 722 360 738 377 891 391 19 394 597
4 409 11 154 17 141 31 983 33 148 64 855 94 386 134 849 183 251 211 352 244 238 269 199 273 154 275 933 280 646 299 951 310 53 325 680 368 977 396 929
0 195 10 535 39 290 86 881 97 876 107 254 128 861 175 274 185 548 188 232 225 14 237 54 243 561 248 281 249 625 258 636 259 695 266 80 348 217 351 769 375 493 377 989 383 584 384 773 392 859
63 605 76 581 103 816 143 891 157 671 158 351 212 854 238 589 249 234 271 877 286 482 300 875 302 906 336 289 341 250 349 610
3 489 5 388 7 220 17 635 36 6 46 798 59 242 66 194 80 706 83 888 135 114 149 746 195 661 209 928 214 157 259 159 289 390 293 64 325 35 334 107 341 357 367 965 379 718
12 974 36 434 51 234 117 880 133 140 166 797 170 681 210 66 224 703 276 178 281 535 340 873 358 613 384 574 395 147
99 469 119 977 131 553 147 172 150 289 157 77 190 627 193 436 206 631 218 149 220 514 230 286 239 631 242 345 251 359 256 507 291 537
6 869 11 162 21 68 31 259 42 78 81 656 140 52 158 261 165 509 177 264 224 341 252 847 270 165 283 741 287 72 308 216 396 986
4 458 11 183 16 966 25 438 47 828 62 593 93 57 98 935 117 648 121 340 164 620 187 160 225 346 233 93 240 105 375 427
45 63 85 808 132 570 170 899 208 294 221 695 234 11 269 370 279 118 285 208 290 5 341 955 351 652
16 919 20 325 23 263 52 191 90 801 111 297 113 641 171 295 195 491 214 541 225 929 232 338 233 831 250 840 282 967 297 82 318 407 320 602 346 700 362 386 364 822 365 553 370 889 374 15 397 132
18 895 40 543 44 888 62 822 69 96 90 442 103 950 125 180 147 850 156 98 170 189 174 870 202 84 208 138 223 472 231 327 303 719 309 684 317 617 355 310 367 41 388 491 392 982
46 334 55 935 56 930 66 133 68 540 105 17 121 320 145 979 147 936 218 901 271 885 303 577 335 640 349 869 373 24 395 918 398 658
12 390 127 49 136 210 153 169 156 940 214 6 249 134 267 188 269 444 271 713 273 930 282 474 296 25 324 194 326 924 336 320 339 18 396 105
26 896 27 281 40 905 83 104 92 827 95 905 110 671 119 118 125 203 168 315 172 885 208 236 225 513 292 545 315 500 324 745 334 962 352 483 379 205 393 272
0 956 19 865 29 583 89 795 93 521 99 352 125 728 171 821 174 4 190 460 213 582 221 54 223 589 234 31 256 545 270 582 294 620 297 759 323 248 342 236 387 510
37 70 69 815 76 994 115 775 125 8 171 644 181 838 190 583 220 365 221 761 236 902 241 795 246 537 263 154 276 84 289 282 335 21 337 791 345 634 359 129 361 712 366 597
47 766 69 572 76 893 79 962 94 258 161 406 167 412 201 193 250 757 270 615 271 156 304 558 319 652 329 672 334 835 358 748 373 103 382 664
23 493 33 82 39 845 47 661 78 662 100 675 126 152 162 776 169 277 185 793 233 809 235 551 307 490 321 668 339 393 341 62 347 114 353 993 370 730 380 485
17 917 32 932 45 912 62 24 77 12 79 350 99 856 120 670 142 946 172 130 180 79 195 17 207 388 232 341 269 362 279 40 300 444 312 223 325 641 328 924 332 204 358 398 362 932 393 295 397 185
15 560 19 672 22 726 50 717 90 653 94 803 112 166 115 577 118 201 182 143 208 480 231 647 242 210 255 217 307 376 322 736 355 266 381 865 389 808
2 667 17 933 23 85 24 887 32 353 52 902 69 632 73 829 137 29 148 80 165 408 242 112 248 592 258 546 272 689 275 723 327 12 333 958 339 161
30 168 49 222 77 475 85 415 100 654 131 550 174 914 175 602 183 253 187 171 210 448 213 811 237 319 241 717 252 848 265 228 274 175 292 931 308 584 311 979 333 169 344 18 349 631 367 972 370 752 382 5 389 223
46 285 50 666 68 810 70 768 75 852 85 641 88 81 96 131 111 525 119 319 136 652 151 430 198 222 224 880 252 503 259 726 260 992 278 626 289 129 292 490 311 683 349 952 368 467 373 2 382 944
30 72 33 126 39 615 41 619 61 180 78 753 90 280 103 7 119 495 128 752 161 148 164 586 167 364 193 647 278 96 282 3 324 75 326 423 339 442 379 135 382 53 394 164
1 288 19 669 22 709 51 817 62 380 91 917 102 504 113 68 144 921 148 789 149 514 153 221 186 244 188 468 201 859 203 348 238 444 256 879 271 981 277 418 318 102 348 583 355 561 369 246 373 348
12 885 19 102 43 140 45 909 96 575 139 368 157 34 202 101 204 138 221 140 246 353 270 341 301 667 316 465 356 601 392 215
0 373 31 996 53 901 56 641 86 855 94 356 105 996 116 66 154 53 197 267 200 785 217 105 254 240 326 380 331 32 352 355 358 30 377 413 379 60 390 869
1 396 11 638 15 423 21 607 30 560 63 417 96 697 101 359 117 216 142 600 157 170 177 962 181 216 216 407 220 114 221 89 236 297 241 595 245 361 277 769 334 256 335 372 363 270 371 502 372 393 379 304
6 396 13 717 41 124 55 146 65 678 81 554 93 745 102 462 138 834 139 589 140 14 164 966 194 323 195 505 236 490 249 460 265 80 299 432 305 965 375 673 384 784
5 260 8 712 25 59 37 646 71 953 94 897 99 644 131 797 140 676 143 568 176 818 188 226 225 980 254 343 333 70 336 524 342 149
7 135 40 735 63 471 73 852 83 177 87 391 100 334 104 462 107 189 113 24 115 320 153 332 157 184 177 301 182 592 245 978 276 241 280 841 281 708 310 542 330 859 331 72 348 473 352 116 370 859
4 121 5 435 33 208 41 790 49 294 76 245 88 277 141 338 195 97 198 990 200 9 220 856 224 790 233 180 243 583 264 37 286 57 299 504 333 604 334 79 382 166
3 759 28 554 32 832 33 291 39 916 54 975 75 227 132 845 145 629 189 308 194 93 200 833 354 698 355 173 368 729 377 397 392 3
22 403 47 763 96 526 137 78 139 588 167 660 180 817 225 649 256 55 350 390 353 366 362 334 369 641 371 698 383 479 387 673
6 750 9 974 24 968 71 325 85 304 103 806 107 77 151 101 177 874 184 846 210 645 216 521 221 786 233 101 251 688
10 528 26 237 39 262 40 541 47 778 60 314 92 890 107 333 108 529 123 30 131 409 135 862 170 965 244 383 251 125 257 322 294 344 297 612 328 465 347 730 373 501 396 528
29 610 42 9 70 553 72 641 85 142 87 697 97 637 143 328 174 683 192 220 241 560 253 354 281 968 315 542 316 767 326 700 356 986 361 151 377 24 390 400
11 746 49 225 65 586 66 869 81 915 116 143 123 804 147 266 165 492 184 360 194 88 196 838 209 646 210 337 231 910 240 504 261 921 287 225 294 775 334 727
2 30 21 664 22 251 29 618 35 1 37 812 49 598 66 321 86 534 87 496 88 7 89 922 100 106 105 747 116 188 124 126 127 405 142 591 167 293 168 114 186 760 215 173 227 667 232 720 283 290 300 38 307 321 311 597 337 766 340 496 362 312 367 697
17 958 40 712 48 307 99 383 119 265 124 308 140 613 144 858 147 807 149 434 153 429 157 237 160 326 201 965 224 54 228 133 239 900 241 363 275 908 282 220 312 875 322 116 330 833 337 895 346 871 366 491 367 584 383 389
23 544 103 80 128 171 149 928 160 857 182 224 191 92 203 808 213 883 254 949 309 389 313 972 346 739 382 951
38 639 55 288 56 332 149 594 234 862 288 712 302 280 313 610 319 240 336 466 343 314 349 28 363 837 369 703 378 705 382 949
21 26 39 689 63 373 71 631 89 534 92 839 159 207 250 430 263 318 267 798 277 32 278 1 291 107 306 144 308 851 327 275 329 928 353 852 389 379
21 247 22 560 46 700 70 102 119 985 146 712 170 457 174 248 188 57 201 685 209 344 237 268 252 875 263 546 269 901 271 12 295 276 311 985 344 454 345 799 349 1 362 323
30 830 34 30 39 998 48 78 66 314 128 834 130 481 138 322 139 640 148 361 227 184 272 643 281 264 300 301 305 660 308 49 335 272 361 546 381 677 386 692 399 611
24 689 37 255 76 349 103 599 123 617 174 478 195 250 201 586 203 674 220 439 247 30 250 924 251 308 284 957 294 327 303 186 311 289 318 698 360 533 382 644
7 52 25 911 55 597 63 944 98 394 105 864 106 582 125 610 146 835 151 358 157 909 168 986 186 692 191 953 199 218 202 928 255 963 266 523 306 434 321 978 342 321 368 103 378 85 381 92
12 814 15 100 21 187 50 20 82 641 104 592 115 23 206 638 223 918 230 512 256 691 279 270 280 31 318 66 319 650 325 200 350 652 355 990 374 200 376 775
14 438 18 612 43 307 47 481 83 174 93 226 94 467 98 579 129 685 132 289 149 252 176 821 182 291 189 295 209 909 225 364 282 69 284 863 308 153 323 930 329 420 360 841 390 281
47 494 52 150 94 716 105 637 106 260 111 390 121 797 133 895 160 195 161 147 196 475 230 977 242 557 297 969 313 710 330 866 343 956 386 533
39 235 44 715 62 519 63 813 82 533 85 876 87 185 105 42 108 753 119 756 200 105 208 290 226 340 227 972 280 563 303 100 304 458 307 938 320 679 342 31 373 992 384 806 388 599
13 912 22 490 44 304 45 243 61 386 85 605 88 952 103 25 113 859 121 157 144 368 164 428 219 447 276 952 279 930 280 152 282 621 298 139 320 317 331 32 332 950 339 45 353 103 370 95 396 616 397 606
18 168 25 94 39 381 54 143 60 596 90 44 98 999 143 819 161 391 170 188 172 691 176 710 194 865 207 687 212 455 221 95 235 912 292 435 306 922 315 64 317 809 323 845 324 306 334 366 362 782 387 601
19 175 127 306 140 449 149 164 160 269 167 757 176 107 182 245 200 204 203 798 242 32 266 565 297 478 369 881 374 736 397 759
3 60 13 245 34 666 80 289 87 895 129 914 131 299 139 595 146 387 182 245 228 217 268 72 292 42 331 931 341 29 350 955 367 154 390 365 397 433
1 442 34 487 44 811 52 384 54 40 55 511 73 762 82 326 95 545 114 88 143 753 151 527 153 388 154 817 177 146 208 184 228 222 244 227 297 953 298 444 299 517 348 332 372 120
4 377 31 459 57 670 60 284 63 484 68 215 72 246 88 52 94 603 99 459 108 727 113 469 117 532 126 650 177 255 186 299 205 454 241 352 278 502 311 941 317 310 331 259 351 941 381 504 391 584
11 104 49 451 56 300 78 837 115 73 122 898 123 182 124 151 130 842 207 74 227 609 274 222 283 372 285 983 356 381 375 205 391 257
36 826 61 526 102 29 126 294 133 105 150 74 183 583 187 408 213 403 226 9 244 16 270 850 293 462 304 778 305 497 310 388 329 578 334 72 347 518 352 759 361 490 372 620 381 112 393 865
43 136 54 361 63 904 68 866 105 855 106 310 109 948 116 400 126 212 134 725 156 308 158 169 166 370 178 686 179 677 182 468 193 91 211 175 214 202 223 121 240 418 241 773 244 169 245 564 255 452 260 542 292 466 316 854 346 229 358 665 382 508
12 596 42 14 64 322 72 941 116 887 126 28 154 571 158 558 161 181 173 643 193 38 288 3 316 612 319 926 329 709 342 546 344 80 347 353
35 8 44 504 57 592 59 145 71 936 74 148 129 25 139 727 185 725 248 387 267 606 274 379 278 18 284 384 340 801 344 391
39 79 40 92 73 126 81 354 112 633 121 460 146 639 152 697 204 902 216 193 256 174 292 963 306 167 318 9 354 434 359 912 363 926 395 66 398 718 399 780
7 916 28 750 31 531 42 423 56 869 71 250 101 333 153 641 195 168 222 155 228 477 294 434 302 374 304 373 320 227 339 859 347 546 361 967 363 308 366 703
6 926 8 438 9 905 35 845 62 113 86 927 96 510 118 253 236 574 250 178 259 903 268 426 305 472 308 313 321 47 347 136
38 776 43 332 58 129 59 77 72 62 73 729 89 999 129 743 140 284 211 485 216 833 293 595 301 416 344 390 392 609
27 522 36 984 37 282 38 326 45 129 102 603 103 7 109 696 110 26 113 233 116 649 121 978 128 764 161 317 180 266 194 290 221 101 256 326 266 856 278 655 289 125 357 128
2 858 8 52 12 512 29 778 33 42 58 295 75 97 79 833 104 297 135 816 139 693 143 717 153 603 195 50 198 87 238 855 285 64 338 957 356 556 375 171 379 867 385 787 389 700 390 47 397 947
31 148 121 50 138 463 143 166 164 527 172 634 175 699 186 129 188 166 197 663 200 331 223 53 238 898 256 989 271 272 291 267 303 892 310 882 322 526 332 179 345 225 353 757
7 362 18 844 96 416 98 539 106 395 109 446 133 496 145 160 160 54 177 441 186 47 192 599 238 773 253 563 275 920 276 891 278 647 304 999 385 56
14 899 68 130 74 225 149 507 158 118 162 879 163 329 200 554 203 531 212 31 216 695 267 614 298 914 301 762 311 465 340 938 372 423 373 476 376 664 379 454 381 221 383 520
35 347 52 177 101 502 123 957 142 396 161 236 170 588 175 310 176 768 199 311 200 108 203 459 211 692 226 677 290 554 309 179 336 339 354 149 364 532 386 641
37 419 53 856 94 613 99 173 170 627 171 379 181 994 183 429 191 136 199 917 204 665 217 76 220 644 224 264 258 954 317 273 327 636 360 619 380 182 383 756 390 803
15 67 16 3 59 207 84 384 98 363 120 109 130 959 138 330 165 330 231 539 234 285 258 649 276 461 294 269 305 408 307 638 319 140 329 34 330 301 355 628 378 925 386 70
4 771 52 527 53 679 62 752 68 701 105 684 169 995 173 594 186 308 191 677 211 891 227 896 230 463 231 603 251 767 279 397 303 735 314 232 323 238 369 902
17 221 23 52 26 116 49 172 50 251 58 562 91 972 115 177 167 591 178 969 229 582 246 726 274 890 309 458 310 291 318 813 321 141 324 292 330 739 360 931 375 755
23 446 63 83 118 816 131 720 148 264 151 882 155 510 158 751 173 907 217 804 231 441 240 375 252 931 271 51 272 649 285 449 297 967 330 27
64 324 115 676 129 137 146 345 154 108 156 190 158 478 196 800 201 774 207 902 213 256 220 883 236 960 241 11 250 366 255 262 263 567 272 952 289 42 302 211 322 494 350 975 357 162
5 251 29 759 64 532 71 665 77 625 82 894 101 928 148 750 176 727 186 246 223 448 251 797 273 969 274 411 303 704 311 938 329 238 364 140 365 485 375 717
23 348 33 23 51 212 59 92 84 780 98 935 111 330 114 180 169 14 181 111 189 943 192 889 247 42 261 350 323 951 333 23 352 787 361 107 362 161 365 882 383 888
100 718 141 311 162 975 189 40 205 685 245 91 253 666 276 304 285 735 326 192 365 165 393 925
22 75 32 355 35 191 47 541 65 878 76 836 87 552 97 162 114 539 142 594 193 57 276 806 306 957 313 65 332 921 396 942
38 935 58 514 59 729 70 391 71 729 107 195 119 946 134 359 145 498 200 200 201 66 203 419 211 775 220 206 257 13 267 758 270 78 281 528 286 135 315 879 323 762 328 496 332 511 361 151 382 92 385 89 389 266 394 20
12 78 14 124 29 994 33 216 52 381 65 408 67 589 195 385 217 658 224 161 236 315 245 227 292 800 326 806 332 935 349 359 361 728 362 74 371 96
29 715 31 828 85 215 91 107 97 640 128 206 170 203 174 378 193 501 228 728 264 839 281 224 299 264 344 990 355 85 358 939
15 808 21 912 34 901 77 422 91 750 129 901 142 345 145 713 149 336 153 834 174 643 273 662 293 42 297 815 301 346 314 22 320 756 344 274 387 493 393 842
9 963 30 525 32 799 106 583 109 214 122 564 134 566 138 596 144 164 176 630 182 822 235 288 242 980 280 568 316 780 318 580 324 651 348 803 365 967 390 438 395 140 399 714
0 426 13 476 51 105 67 249 68 252 77 487 84 351 91 363 95 118 104 952 114 171 137 117 147 853 169 241 180 45 199 761 208 609 226 284 227 798 229 539 270 187 295 340 319 127 320 220 356 43 360 297 363 557 381 230 382 67 390 821
36 835 73 150 82 809 89 122 148 196 155 578 171 148 187 891 241 529 244 367 336 882 345 357
66 563 75 725 93 804 115 658 121 18 123 663 158 520 165 548 201 263 208 576 226 686 231 231 248 550 252 96 261 923 286 524 328 903 345 81 358 963 370 859 374 950 386 55 389 62
6 502 53 563 72 128 114 860 140 582 190 562 248 802 263 616 277 719 283 161 292 36 311 507 320 642 322 930 324 248 332 29 342 35 348 553 374 533
71 391 90 636 114 921 123 111 161 377 192 341 193 915 208 615 212 416 258 61 270 60 301 621 312 793 341 828 354 719 355 230 360 689 394 516
0 575 5 707 9 392 18 250 28 727 36 413 56 611 62 241 99 503 112 212 125 389 144 23 158 291 172 756 204 521 242 41 252 669 269 920 298 925 302 347 304 919 338 318 356 915 359 2 376 62
30 357 55 852 68 601 83 218 84 118 120 433 121 661 139 43 204 800 226 194 229 349 243 330 256 743 275 726 287 673 296 863 300 848 333 986 358 548 364 23 382 91 385 573 389 679 395 223
2 352 7 109 30 285 41 638 50 441 54 93 74 1 109 36 163 762 197 434 206 325 220 731 237 335 238 984 288 8 345 265 352 142 393 24
4 58 7 461 11 478 70 558 73 849 81 80 106 295 174 810 201 386 209 313 214 699 246 191 257 658 258 968 262 389 278 786 281 846 370 170
8 168 14 991 67 545 92 4 125 993 163 606 189 986 194 875 198 470 216 746 221 798 231 500 233 576 237 670 252 884 268 904 283 944 284 382 310 902 339 875 346 369 354 226 360 610 383 49 390 579
0 397 2 703 59 494 61 759 65 509 88 654 98 193 99 904 106 385 122 508 176 169 183 87 209 156 228 149 242 124 263 453 270 392 301 251 306 481 385 122
18 519 27 484 99 581 124 219 126 476 159 333 194 192 197 84 199 325 203 769 206 259 218 924 222 951 236 935 320 853 324 810 331 79 337 981 356 909 367 430 369 651
12 592 15 780 18 88 52 496 54 895 66 604 86 297 87 278 104 194 105 923 121 745 132 259 156 753 162 39 167 289 180 484 187 557 194 823 236 338 237 705 270 368 317 989 323 179 325 529 352 240 359 238 368 863
0 749 41 754 42 257 67 146 124 355 147 673 160 635 165 776 182 589 186 171 227 116 254 940 264 188 277 507 347 89 370 183 373 363 383 892
0 608 68 650 72 49 86 39 130 829 175 413 182 115 232 940 241 648 277 250 311 963 335 745 338 378 368 686 381 521
23 73 29 699 45 105 47 436 58 759 66 228 79 944 104 742 135 935 139 596 166 756 198 103 237 819 243 661 245 962 311 776 349 850 367 163 379 568 394 125
0 394 1 457 92 907 138 230 154 635 174 43 188 949 203 760 209 25 211 152 254 62 278 499 301 274 307 184 329 923 357 397 375 791 379 394 392 956 393 612 395 150
51 450 72 146 112 674 158 619 182 395 206 104 215 239 229 706 237 878 258 389 270 180 279 228 311 656 322 397 324 669 375 625 398 573
74 209 118 510 183 658 205 339 209 515 211 648 220 889 226 363 227 75 243 766 275 529 278 705 280 362 380 91 397 962
11 644 16 700 38 791 45 627 56 685 62 675 67 150 101 228 104 82 124 767 137 607 159 42 215 194 230 594 242 496 249 877 250 981 253 678 255 448 273 25 277 755 284 199 289 310 308 119 309 102 324 760 331 776 361 349
3 461 44 611 73 38 94 731 100 80 114 390 116 309 144 621 184 985 191 624 213 478 216 662 230 274 231 844 270 752 289 519 336 785 342 373 368 103 384 373
18 766 33 521 44 662 57 335 63 182 74 83 75 942 94 457 131 163 132 535 138 862 147 137 150 61 191 324 205 625 242 163 272 856 275 401 304 325 320 123 337 556 356 781 373 942 397 202
16 774 53 942 63 661 66 457 116 403 129 274 146 220 178 201 232 958 246 181 304 667 319 147 339 253 346 316 368 39 381 408 392 217 395 814
3 357 18 667 26 382 38 878 49 203 71 456 80 992 86 136 90 328 123 405 132 136 178 933 195 907 214 205 239 316 306 53 343 722 355 160 370 838 384 499 391 508
4 239 34 479 40 525 41 212 71 504 78 883 164 120 165 570 200 805 228 192 231 142 262 395 272 699 293 543 316 864 330 293 350 291 352 345 355 231 358 718 363 811
0 543 38 4 58 190 59 654 112 502 127 35 162 313 163 260 183 51 202 918 220 111 222 935 235 472 253 527 304 571 346 622 353 988 368 592 370 532 381 757
14 662 30 408 40 634 42 539 46 407 61 680 62 923 63 987 80 69 202 961 204 214 206 970 207 595 253 971 279 857 299 169 315 745 335 752 340 360 368 304
13 593 21 95 22 86 39 77 69 5 81 24 104 934 155 511 164 35 167 87 181 185 189 300 190 565 204 957 206 794 213 926 219 421 238 900 258 321 264 295 268 544 281 528 285 583 289 93 298 730 304 915 325 387 330 818 346 697
0 929 17 169 19 432 45 230 47 975 61 856 65 769 94 709 107 993 153 747 158 328 187 282 194 394 199 38 200 705 210 898 293 156 295 325 321 573 339 409 344 632 345 206 373 67
18 56 27 890 30 257 60 908 72 91 74 379 135 822 139 4 144 310 154 481 166 84 181 892 187 721 209 322 250 509 259 966 273 225 294 635 298 237 310 985 314 178 344 841 362 238 374 313 375 275 399 259
8 14 10 539 86 970 91 893 93 241 99 18 109 55 118 35 131 213 132 769 137 734 140 947 144 191 154 418 189 623 217 78 223 649 246 23 267 147 280 941 287 588 306 170 331 981 350 378 355 804 368 352
22 236 64 576 71 324 105 174 114 32 115 977 126 479 193 922 196 217 224 226 226 799 249 180 254 447 282 894 287 964 343 254 377 114 381 900
11 565 30 188 65 370 70 80 89 346 114 392 122 593 144 696 170 671 193 746 217 397 233 546 246 827 260 169 273 652 280 203 284 834 301 908 316 46 328 642 340 937 347 920 354 785 367 943 379 145 382 810
45 527 66 607 82 737 94 867 97 905 112 562 126 975 158 26 197 883 200 939 240 259 246 190 271 813 293 932 328 694 349 56 358 585 369 39 371 345
45 123 49 687 60 262 105 136 112 446 123 216 153 739 195 902 208 560 221 356 223 190 312 738 339 893 356 590 374 413
1 446 35 627 44 438 108 645 146 451 163 314 175 447 178 225 180 477 183 99 214 396 220 366 241 394 242 779 247 906 264 972 301 349 302 382 352 546 353 364 356 651 366 655
36 249 163 185 177 805 192 319 208 746 246 276 319 96 323 905 329 252 363 53 376 726 380 550 396 975
10 6 89 36 90 157 111 903 128 779 130 61 142 634 154 978 216 666 221 545 222 709 257 642 266 723 296 92 297 376 318 523 361 258 394 272
12 110 16 320 20 223 40 10 55 76 65 834 70 334 75 377 94 264 114 69 117 328 142 527 149 275 155 975 179 609 181 421 203 521 209 722 211 757 214 565 225 443 233 577 251 775 321 188 322 736 340 366 350 476 379 675 387 960
70 462 79 32 91 285 125 322 146 968 150 470 162 527 166 394 169 833 192 665 263 893 279 249 280 115 297 974 307 908 317 17 343 47 353 511 356 859 382 61 395 399 399 807
0 216 1 423 9 309 82 421 83 153 108 811 136 683 152 177 167 729 269 797 294 503 306 767 329 418 332 246 345 679 366 267 392 972
34 191 65 577 73 454 79 699 89 871 141 686 173 799 180 910 196 114 259 40 260 203 264 63 267 328 269 222 314 699 321 133 335 802 340 335 349 521 359 343 392 128 397 237 399 823
12 621 14 591 26 89 53 244 54 707 56 121 57 235 65 647 146 637 152 593 153 661 179 576 202 822 232 590 255 902 262 937 276 512 282 923 312 275 313 746 318 476 352 455 354 575 372 37 374 41
6 550 14 813 21 706 55 792 61 285 92 475 124 836 134 346 142 206 152 647 163 956 196 550 197 564 203 400 234 872 252 505 267 200 269 617 287 296 316 530 344 568 398 624
3 693 48 370 49 219 99 552 113 522 162 788 172 764 174 848 204 774 258 683 274 279 279 920 285 934 293 129 294 144 332 847 375 161 387 820
66 543 67 980 72 893 152 62 230 396 384 305
19 967 33 240 44 607 125 789 142 144 154 855 169 691 171 197 179 245 195 308 203 915 217 24 218 373 254 948 283 217 288 173
18 70 78 112 126 449 148 645 153 504 160 402 172 343 175 615 208 794 221 511 231 161 245 870 278 235 333 857 365 609 398 979 399 508
2 744 21 391 22 866 30 327 54 855 63 164 126 813 155 35 158 593 173 580 189 872 195 915 197 554 204 766 226 506 230 160 233 55 234 947 240 425 252 428 302 113 374 166
19 334 68 881 73 534 99 182 129 119 130 136 149 669 153 939 201 393 209 190 219 189 258 655 276 445 288 948 312 408 328 12 355 379 357 55 367 911 372 86 378 540 389 577 390 938 395 897
23 816 47 105 81 682 116 55 149 791 196 359 201 493 248 838 261 458 272 128 295 890 315 465 357 833 381 901 397 184
9 875 21 979 41 344 58 687 93 628 130 438 149 192 214 991 224 132 225 260 228 751 241 789 246 618 262 544 264 258 266 919 292 741 298 111 329 961 330 632 344 176 373 513 378 522
24 377 39 367 49 119 65 473 68 776 111 152 142 502 168 213 171 691 175 740 182 972 186 596 187 189 235 172 241 815 328 172 339 158 342 755 377 645
2 212 15 857 44 24 50 957 59 922 137 635 142 382 145 438 156 368 173 546 216 58 237 803 275 160 307 525 361 654
26 137 31 174 73 817 78 744 92 558 119 453 132 158 159 660 168 290 207 743 211 924 219 202 236 768 268 274 280 106 292 376 317 745 352 581 357 774 384 475
0 822 7 501 18 416 31 60 42 55 107 46 142 37 162 271 167 451 168 96 178 292 196 745 210 499 240 605 242 109 253 293 287 225 289 927 318 276 322 617 332 64 342 114 377 164 382 697
73 229 79 811 82 765 128 990 131 556 147 655 174 958 192 165 195 467 197 257 200 953 231 146 240 353 248 576 273 773 281 806 313 194 347 354 357 402 361 987
3 718 11 277 50 667 57 976 73 282 98 490 114 391 125 678 139 232 143 248 151 243 163 231 232 555 233 221 274 17 320 993 330 627 337 884 359 882 388 913
16 203 34 995 61 684 88 321 94 158 146 968 183 757 185 57 200 474 237 79 282 855 310 283 328 235 358 592 374 509
10 469 50 937 55 942 95 339 121 530 148 830 188 703 229 785 236 703 256 876 280 578 283 784 297 908 318 299 354 388 374 169 385 965
1 734 48 527 52 7 54 235 55 187 103 485 121 873 126 492 154 685 159 282 166 142 172 905 201 158 224 376 279 197 356 52
45 60 62 827 87 369 91 682 111 567 123 295 141 162 166 780 168 910 190 547 221 851 234 506 246 358 250 993 270 420 322 76 350 457 358 269 370 420 375 603 387 604 398 96
41 272 69 404 87 889 100 82 103 394 119 880 138 610 186 74 191 643 217 639 229 796 275 744 284 880 317 816 368 692 386 585
37 713 105 312 124 572 162 977 249 24 268 61 272 11 298 348 322 387 351 30 379 811 390 860 394 203
18 350 25 827 30 586 31 571 35 844 49 267 61 297 80 226 100 79 132 7 146 96 170 240 183 586 195 700 197 526 204 389 231 322 236 792 237 827 242 571 250 250 254 294 257 857 297 786 320 784 383 692
13 465 27 933 37 442 78 639 111 984 166 281 170 947 190 479 206 364 210 486 213 383 228 767 245 155 285 19 287 412 293 641 298 40 312 79 321 275 339 837 360 662 370 327 378 615 382 28 389 581
52 40 53 283 60 256 62 219 96 407 119 579 120 17 125 306 148 942 149 118 164 110 171 704 190 953 205 129 245 938 256 617 270 953 328 209 336 418 340 78 346 58 349 202
13 982 34 471 60 690 69 873 88 414 96 59 103 857 105 301 120 624 139 85 144 81 214 243 217 599 233 124 254 219 301 691 307 456 332 613 348 805 361 596 391 267 395 108 396 499 397 538 399 671
40 543 46 8 113 108 126 691 137 562 145 487 151 915 187 306 195 572 226 966 272 863 290 214 338 312
74 35 82 865 91 309 92 747 113 717 130 366 158 993 168 814 188 731 202 656 207 46 211 524 254 641 255 658 286 414 312 232 329 398 359 362 367 501 370 874 375 759 383 508 399 80
11 16 31 411 51 989 61 437 67 157 72 499 106 532 108 116 134 672 139 562 201 775 206 779 224 980 246 63 281 9 288 6 300 455 302 855 306 710 312 493 356 244
7 396 11 945 25 674 26 283 31 427 66 138 79 528 130 370 175 115 192 72 204 293 213 420 224 482 250 863 272 132 281 217 296 370 302 814 310 352 326 776 329 917 347 293 348 688 350 729 377 327
85 17 134 870 147 352 159 260 229 822 257 205 283 589 302 1000 376 868
103 774 144 449 148 548 154 538 173 877 177 804 182 178 183 928 247 683 263 885 279 210 281 70 301 243 302 995 305 265 318 234 324 640 331 148 358 292 361 16 370 313 383 562 396 80
10 204 34 444 51 16 55 67 74 997 98 126 120 399 126 979 168 859 175 61 186 384 233 325 241 311 260 949 268 99 269 584 270 723 297 470 299 200 300 589 321 828 328 796 356 439
57 865 77 105 83 945 93 478 126 102 137 693 149 123 167 295 177 818 178 927 198 194 203 46 217 479 223 278 242 555 251 82 275 231 279 746 298 443 309 241 310 816 317 733 327 695 374 544 394 636
10 565 11 298 13 906 44 606 62 29 63 596 88 789 126 400 132 689 189 324 204 666 218 398 219 504 230 844 236 712 276 717 290 743 303 668 311 94 358 613 370 286 386 851
4 279 63 333 74 148 110 938 129 506 201 498 232 883 236 370 240 199 256 265 257 12 287 424 316 626 321 779 335 26 397 604
5 61 6 180 17 285 27 887 34 898 42 354 54 752 63 993 85 500 107 158 120 119 197 113 208 298 219 392 295 849 330 943 352 74 356 936 375 996 382 777 384 709
54 343 58 575 63 472 77 647 101 559 132 869 137 27 143 975 147 539 161 853 168 297 187 425 198 884 215 487 222 566 233 22 234 146 242 792 269 76 270 282 315 937 338 296 339 142 372 818 378 862 380 176 389 459 398 257
3 448 18 562 37 499 38 750 50 132 84 465 104 667 116 641 118 812 128 835 141 929 153 144 161 292 172 525 185 596 218 88 220 139 232 660 244 193 271 168 289 198 336 176 360 463 383 641 386 305 394 383
13 676 24 21 27 780 57 29 77 759 95 169 111 783 149 377 170 274 253 962 301 537 303 509 336 784 340 46 367 414 389 148
5 737 93 51 159 808 174 719 175 79 230 164 232 482 277 454 290 603 292 173 323 212 385 21
4 988 20 585 27 378 35 447 41 230 49 192 59 322 82 49 99 923 103 354 122 9 127 4 143 607 146 301 150 879 157 697 179 992 237 694 243 610 296 739 301 525 367 196 372 566 385 184
24 554 163 205 191 266 201 232 221 819 235 901 243 323 362 323
39 231 81 292 114 604 143 215 173 324 176 82 185 131 189 751 295 284 299 842 303 80 331 962 380 293
1 753 13 855 65 82 66 266 101 908 104 565 121 64 128 695 160 352 167 871 179 40 198 616 272 674 292 837 324 707 336 436 362 1
19 576 25 70 64 562 74 278 80 650 92 202 107 309 118 958 141 302 154 769 157 516 159 272 209 228 244 28 278 215 285 127 291 597 300 747 356 64 365 445 395 575
6 12 21 683 33 528 41 698 61 190 93 947 98 745 103 976 122 183 250 131 292 715 297 567 299 665 318 353 335 887 350 660 353 979 365 517 383 39 384 212 387 703 389 41 393 444
7 900 54 256 81 126 82 392 90 236 127 985 137 91 173 587 179 420 199 388 245 748 318 511 330 63 368 343 374 798
33 22 129 649 148 974 162 56 173 549 189 449 198 861 273 755 274 962 275 196 296 814 297 485 301 55 303 692 315 339 320 186 331 978 344 106 346 495 385 394
6 642 87 316 110 289 134 893 137 613 154 522 182 881 203 713 210 527 224 384 225 492 234 604 243 169 283 167 300 594 308 708 320 399 347 379 357 587 358 250 372 275 393 991 397 391
1 280 36 366 59 782 114 120 131 571 150 265 170 257 172 189 184 430 241 782 293 968 310 753 343 641 370 425 379 889
26 145 59 152 61 424 120 280 123 307 137 804 148 654 150 304 164 653 197 714 217 23 259 816 268 241 280 903 283 488 316 898 318 198 372 242 386 133
3 414 61 312 69 382 85 859 92 563 108 990 168 815 205 56 216 230 228 724 263 855 271 499 295 73 302 142 307 66 309 663 322 165 324 230 356 507 361 591 379 615 384 9 394 8
3 489 21 853 30 160 60 574 71 591 75 57 88 350 109 142 119 928 173 805 198 966 209 49 240 908 250 703 251 69 254 201 273 677 278 364 294 885 360 794
36 218 62 171 86 757 132 460 142 182 161 768 170 491 175 4 194 327 218 897 227 174 260 923 277 299 292 183 348 842 382 648
16 104 20 349 35 360 36 892 49 851 53 942 57 34 81 126 85 674 95 262 206 31 207 393 236 214 238 86 317 198 319 498 321 996 326 293 377 963 381 539 382 549 396 868
28 664 29 246 99 90 137 129 161 41 174 115 177 949 179 923 180 846 199 158 201 414 205 846 225 248 227 474 231 577 257 509 292 869 293 182 303 382 348 832 350 336 360 965
11 551 19 944 55 353 70 159 138 658 153 54 182 108 213 962 219 286 234 947 242 673 261 827 267 236 297 931 307 724 313 984 316 331 328 352 354 328 361 67 374 154 393 910 396 208
24 192 30 398 42 885 63 618 76 918 90 688 92 539 118 373 172 704 178 154 185 215 217 831 224 324 233 414 235 593 264 472 275 447 296 517 306 121 307 1 352 521 357 969 387 518
12 125 26 8 38 322 65 528 74 509 95 253 102 978 126 323 153 405 187 849 208 658 209 795 229 668 230 288 260 163 265 558 290 820 337 165 368 217 372 505 396 216 398 853
29 788 76 696 96 585 104 641 108 554 111 814 123 756 168 344 216 877 234 296 247 353 251 545 253 27 266 405 298 128 335 45 356 633 370 773 383 127 387 907
3 128 11 249 38 301 90 485 95 429 102 359 134 339 243 393 269 205 274 915 284 588 285 978 316 646 330 584 361 12 364 182 369 983
2 252 17 578 27 704 40 976 50 429 60 831 72 593 96 608 98 591 106 253 159 303 169 713 184 145 195 628 213 887 233 252 240 634 275 271 283 428 329 883 357 40 359 494 384 962 393 62
21 272 35 335 38 665 83 173 112 556 119 129 124 878 135 993 145 452 153 120 159 637 183 294 187 8 193 881 212 147 233 531 259 781 317 710 329 77 344 486 349 824 360 229 361 466 372 114 387 68 393 783
10 169 16 257 32 387 60 912 108 15 125 176 129 650 179 342 199 551 222 186 247 135 259 52 284 799 286 679 303 289 336 56 344 825 355 778 394 192
13 846 18 607 52 797 112 670 117 220 193 235 223 987 256 342 315 926 336 981 396 546
63 783 99 614 115 856 119 520 137 720 145 704 164 982 177 793 183 41 193 852 227 742 235 791 240 600 295 257 296 925 306 588 324 340 328 517 338 378 364 754 388 622
1 514 3 663 7 598 9 522 25 569 42 267 67 190 113 465 117 464 130 47 137 991 138 202 144 202 151 796 172 778 181 219 183 703 185 983 214 211 285 381 298 822 305 871 321 568 357 977 363 437 382 353
9 411 32 288 42 535 64 80 173 563 187 621 218 9 294 609 326 523 336 581 343 658 344 324 345 685 370 957 387 875
11 199 12 141 33 905 51 238 56 525 73 42 82 645 99 11 101 770 117 80 118 583 136 134 142 368 147 975 200 553 201 585 226 653 249 486 275 694 294 920 305 365 342 943 350 115
2 433 35 933 50 678 54 115 55 659 57 679 67 964 85 769 95 767 118 97 159 688 181 863 204 223 253 467 261 856 275 338 282 8 285 605 297 69 303 849 320 776 350 570 351 270 394 584
3 738 31 780 54 269 60 186 72 365 88 175 132 128 137 785 145 592 150 39 227 852 247 419 255 617 267 351 277 963 296 319 298 986 326 150 343 304 348 503 358 177
14 990 17 426 27 499 34 386 84 355 105 161 125 817 128 273 141 906 147 77 150 870 160 22 180 458 185 657 187 350 196 307 313 562 340 915 350 180 356 99 359 310 361 719 369 388 384 246 396 48
28 14 36 928 45 620 90 373 94 264 110 249 129 494 152 68 165 675 166 651 167 645 176 621 179 929 223 665 232 587 339 821 359 42
89 795 97 747 108 257 111 207 133 28 191 13 213 380 228 702 272 817 277 713 300 474 311 246 340 201 359 429 383 334 393 473
10 538 15 807 75 357 89 325 140 314 167 787 174 517 175 107 253 936 262 165 284 47 289 874 302 52 322 510 363 79 376 474 384 212 397 397
5 137 12 22 37 222 55 199 60 485 91 538 93 546 100 24 115 158 126 649 147 409 152 209 154 824 174 475 180 565 259 465 284 591 308 962 318 687 348 485 374 414
18 401 22 902 23 799 31 561 34 400 35 846 62 319 63 552 73 381 77 363 96 199 118 42 131 360 154 754 166 438 176 20 184 860 194 541 260 157 289 716 292 349 326 620 349 838 351 923 374 331 389 696 394 390
23 595 28 95 36 196 47 753 48 258 57 805 108 605 110 915 120 949 146 150 152 500 159 659 164 120 183 638 190 471 199 973 224 920 255 327 312 985 344 398 360 240
13 988 15 61 19 626 40 859 46 160 80 384 89 410 138 142 152 917 186 608 191 926 217 660 263 631 270 37 284 560 286 832 294 751 309 11 326 682 337 111 346 152 386 462 395 992 398 56
16 285 26 918 47 135 85 461 112 37 113 616 126 111 140 718 155 77 167 5 185 237 208 892 238 160 319 232 354 292 374 808 385 703 393 313
48 677 65 284 97 425 120 837 127 27 145 695 147 964 151 476 165 8 170 817 194 232 205 247 235 342 263 126 273 911 275 369 286 138 324 841 333 471 345 872 346 133 376 108 380 243 387 45
1 970 29 94 33 706 58 53 71 131 134 260 142 808 162 666 170 166 209 11 219 16 238 103 243 227 285 55 335 917 344 439 362 696 367 345 398 946
54 273 67 183 75 485 84 282 151 785 179 231 188 783 202 320 204 32 222 565 224 921 257 336 294 77 299 650 339 797 345 265 367 938 385 952
15 338 55 745 57 423 80 265 92 810 94 273 114 831 132 640 138 724 146 382 148 441 152 868 180 306 194 116 208 695 253 652 270 80 292 596 347 234 389 572
104 97 105 569 111 403 137 229 210 265 214 277 217 427 258 879 275 267 310 380 317 459 319 993
12 449 38 168 86 137 147 29 177 374 186 236 234 67 279 164 291 827 299 767 301 859 308 522 366 353 373 384
0 93 1 713 10 463 23 798 24 269 56 707 72 784 80 695 93 290 123 126 145 353 148 619 156 484 164 840 181 796 190 24 261 742 274 213 275 674 307 814 319 916 346 871 363 755 371 321 372 940 377 547 382 387 384 500
2 241 25 654 30 744 32 998 46 579 53 117 65 388 78 474 102 684 107 522 129 743 138 248 159 334 172 194 183 330 194 502 214 272 218 516 219 631 306 216 314 246 329 6 336 855 354 567 370 647 375 425
5 580 14 465 48 667 86 162 96 572 126 754 141 993 144 328 198 982 336 481 341 152 355 898 363 872
8 508 19 248 28 409 38 435 72 539 130 474 138 706 148 999 177 631 183 134 184 883 192 847 219 319 222 78 233 84 253 771 257 257 266 432 283 959 302 564 308 736 311 103 349 763 365 623 376 398 378 203
6 173 14 506 48 221 50 693 103 680 127 389 147 21 148 852 177 33 209 535 223 744 255 643 270 626 276 69 282 826 283 410 287 112 296 98 322 748 359 320 364 34
19 869 56 450 70 781 71 177 110 25 121 724 127 517 136 400 178 239 182 819 195 189 296 809 297 119 313 420 334 22 335 314 361 215 378 648
6 271 9 917 10 478 34 820 48 907 92 425 127 980 137 961 142 537 202 191 227 630 301 927 307 980 313 195 333 324 340 559 360 372 369 801 372 17 382 122 385 921 394 827
2 49 28 665 29 844 54 163 60 367 94 474 99 242 156 489 158 442 178 124 190 337 207 891 230 480 251 434 268 233 295 203 306 623 353 451 373 641
21 510 61 575 79 409 88 586 90 686 98 890 108 733 128 974 146 999 164 375 167 845 226 421 235 15 238 899 245 570 286 33 302 307 330 64 362 753
1 964 26 407 47 239 58 452 105 945 107 765 167 740 168 5 194 657 217 37 239 831 299 969 306 67 313 605 320 765 347 837 362 924 364 295 396 442
10 388 13 823 24 518 36 936 42 53 55 549 84 806 103 918 136 188 180 239 183 859 200 747 225 476 262 663 339 711 353 289 364 524 382 480 383 701
2 657 6 625 12 167 17 149 34 133 52 28 59 291 63 580 70 446 123 937 163 662 172 601 201 834 205 401 236 153 250 494 272 597 285 600 293 582 306 390 316 743 326 406 378 694 388 970
10 909 71 334 89 238 98 958 103 442 107 826 138 712 175 113 204 129 207 298 217 676 219 241 234 398 242 393 261 634 285 899 298 544 353 628 369 536 383 549 392 490
3 122 36 260 38 683 56 354 110 423 169 464 204 666 251 721 282 589 318 470 324 523 327 665 335 74 344 799 347 365 382 261 385 12 399 18
33 909 61 765 79 656 95 761 125 989 126 173 133 559 164 85 188 74 202 423 222 426 227 28 245 435 253 87 260 435 264 140 269 290 271 71 291 736 293 293 304 535 305 892 325 382 348 468 350 242 367 798
4 751 17 854 56 26 83 884 102 444 109 981 112 330 146 60 150 628 163 114 180 923 200 802 249 89 302 304 323 559 346 756 371 41 384 82 392 370
23 587 49 323 56 254 77 120 163 107 178 45 226 167 232 218 234 780 284 885 291 844 324 281 327 812 343 329 369 74 396 996 397 195
37 904 113 315 141 682 144 697 149 920 191 483 258 710 270 457 273 11 292 256 310 688 312 943 322 660 343 829
5 48 13 250 79 903 106 953 107 179 181 46 185 32 200 599 216 549 224 197 235 474 277 195 278 464 320 53 363 905 390 595
32 57 42 441 58 392 59 173 64 723 86 723 132 772 151 967 206 86 209 13 224 384 236 658 243 658 244 610 252 29 286 547 289 419 350 243 373 604 390 961 397 141
2 506 32 892 65 31 85 972 108 790 116 479 126 685 153 445 160 29 162 892 176 913 212 772 229 937 256 466 261 41 281 788 289 649 299 6 302 790 304 520 319 814 324 619 364 785 373 263 380 64
19 417 28 673 45 727 78 647 96 833 130 263 155 794 163 381 200 34 249 226 255 904 256 775 265 935 270 359 278 704 283 39 328 782 335 264 337 179 344 67 351 628 378 272 388 849
18 785 46 627 56 9 74 420 89 754 106 945 108 607 148 655 159 103 227 671 254 647 274 789 299 178 312 175 356 886 361 764
1 449 43 919 50 330 67 964 92 982 108 642 162 175 177 384 182 280 196 973 236 746 242 761 256 995 267 849 270 768 280 89 287 62 289 767 319 449 330 88 340 901 348 921 363 705 380 303 386 252
3 808 6 979 17 891 23 506 24 193 38 392 59 596 60 112 79 896 89 942 112 551 166 857 169 768 230 735 285 134 287 492 295 927 297 101 310 921 314 501 349 64 355 232 387 829 398 220
3 177 21 459 47 317 72 698 81 928 139 390 227 88 233 817 240 679 270 345 293 293 345 411 348 505 362 190 368 193
40 93 73 958 81 471 101 803 117 74 119 581 124 467 135 21 137 944 212 3 220 34 251 328 261 634 264 915 284 834 323 912 324 829 327 797 330 311 388 511 395 783
6 206 10 954 20 659 85 30 87 449 96 13 130 306 131 701 148 421 192 830 201 379 222 100 223 663 240 173 244 404 262 350 264 305 309 66 332 108 333 34 335 142 389 410 392 765 399 711
6 511 11 654 14 437 20 14 25 540 68 615 75 249 135 104 136 156 139 167 160 880 171 694 195 932 264 278 303 378 357 97 384 19 398 250
12 154 14 426 16 242 19 469 25 390 26 661 30 61 47 276 67 260 71 961 78 86 136 227 143 136 159 237 178 371 206 137 208 805 231 643 245 72 248 753 252 816 314 699 350 191 364 707
10 574 42 15 63 486 83 781 103 248 107 848 112 772 118 765 122 881 130 698 243 307 247 769 248 94 267 741 279 677 282 507 305 167 360 817 361 118 365 678 375 150 381 541
10 404 27 534 90 441 97 583 133 244 175 867 213 634 228 372 231 656 272 872 321 492 345 904 375 220 393 340 399 509
24 437 49 947 55 478 56 369 79 94 101 723 134 947 150 377 197 776 225 415 234 395 243 851 294 165 309 407 338 52 344 84 359 304 379 54 382 507
30 872 39 645 40 804 41 401 45 149 53 589 63 753 131 853 139 909 173 294 181 285 184 253 194 973 204 764 207 659 234 808 240 865 253 852 261 489 333 788 345 794 354 289 375 578 389 252
72 507 82 575 125 191 131 572 136 834 139 677 145 637 162 871 185 467 190 302 199 780 245 629 253 471 272 13 277 619 292 668 316 730 317 855 322 98 327 375 331 678 392 389
0 652 24 313 56 905 111 626 130 839 134 504 152 308 158 340 162 503 175 804 194 952 199 302 210 464 219 623 239 830 253 733 271 565 326 497 340 696 374 291 385 981 399 902
0 706 56 910 57 359 79 100 81 286 86 873 115 920 123 293 149 308 181 753 194 442 199 203 235 656 256 229 297 647 369 273 377 767
4 624 45 19 49 262 57 61 73 17 74 375 95 340 107 99 109 966 145 85 147 489 179 89 187 163 205 460 236 144 279 947 326 711 343 280 349 636 361 920 370 68 380 819
4 337 6 802 12 611 56 85 78 666 85 842 125 678 175 940 188 707 209 163 260 976 271 388 273 537 287 838 292 926 295 744 336 206
4 524 6 463 11 513 26 971 32 47 61 704 72 235 85 169 92 527 106 864 113 686 119 288 121 48 134 60 165 153 189 42 200 217 205 317 246 885 278 648 290 435 294 510 302 268 335 617 344 120 347 728 351 542 383 716 385 897
42 880 56 861 60 247 77 968 98 506 105 46 126 796 129 519 142 802 152 286 183 756 229 422 251 43 256 213 278 338 313 199
9 977 23 855 30 468 47 782 59 437 63 592 65 951 81 813 94 242 108 325 112 25 126 880 133 377 163 850 165 718 178 364 186 994 197 457 208 201 220 289 232 859 249 571 304 484 317 992 331 948 333 55 351 86 366 184 367 275
4 450 16 491 62 326 87 250 129 55 130 395 160 293 168 965 339 836
57 518 59 371 91 507 101 811 108 806 131 884 167 892 239 636 252 718 285 289 298 462 300 635 339 386
36 743 47 897 64 989 161 48 176 451 214 759 259 846 298 162 365 217
45 118 48 854 62 861 74 594 76 935 90 960 91 21 93 168 168 471 184 469 214 710 248 545 263 878 279 143 294 788 324 559 333 170 348 497 349 271 353 771 357 434
0 782 9 74 20 394 21 23 30 604 60 444 75 845 89 331 116 1 134 927 158 291 193 50 297 468 360 545 371 61 381 460
17 418 34 260 44 10 52 117 123 10 169 826 200 238 227 623 230 318 232 591 270 171 271 671 289 825 331 669 344 231
16 618 53 806 61 914 87 655 139 867 178 471 219 860 228 582 247 152 259 212 290 795 355 129 361 385 372 187 383 101
22 206 29 24 50 131 64 369 77 962 80 610 96 626 107 865 118 966 146 640 153 770 203 316 219 349 221 809 231 423 279 730 281 678 286 898 288 454 292 48 320 275 383 872 394 272
14 147 30 677 33 492 56 247 80 612 119 41 127 641 138 40 183 90 215 762 256 672 262 776 275 446 281 773 291 152 349 602 351 391 356 86
20 308 102 532 116 56 144 171 203 772 283 886 323 646 368 952 373 556 389 856
0 66 4 741 6 736 22 895 26 258 44 571 51 615 108 288 133 176 163 287 172 16 177 383 180 707 204 53 220 922 243 169 244 899 263 740 289 321 292 428 308 303 321 950 342 754 377 676
37 341 39 312 65 393 98 605 107 389 117 541 118 712 170 293 238 57 247 900 250 613 292 474 295 612 306 187 315 491 363 866
34 663 37 856 40 372 58 86 90 188 112 92 154 393 158 345 163 328 179 744 188 530 199 971 223 320 241 658 264 363 266 367 320 934 341 347 356 8 360 347 365 642 382 239 385 470
0 774 31 213 72 433 111 70 112 623 116 992 131 355 143 623 151 695 173 485 194 606 209 118 215 435 232 603 249 29 257 163 273 735 292 242 311 920
26 454 37 212 112 696 143 924 152 501 165 478 218 260 253 329 260 220 282 654 290 555 325 279 331 613 344 903 345 945 347 528 372 194 374 632 386 7 394 41
4 549 23 438 55 542 71 408 83 877 139 277 149 914 152 940 159 920 184 634 187 443 214 818 222 513 226 242 252 792 263 235 268 540 293 827 314 745 348 328 351 969 352 258 357 694 373 323 375 689
9 962 18 277 22 851 24 899 37 533 61 792 74 808 114 454 115 757 120 986 132 226 157 158 191 559 256 141 257 489 296 724 303 200 338 424 350 376
2 952 10 668 11 635 23 336 60 202 63 206 66 78 68 542 84 796 90 232 96 584 117 963 145 83 161 896 227 706 229 883 334 374 362 472 365 896 368 69 380 424 399 974
1 487 20 31 39 479 58 105 74 634 144 111 172 586 178 489 197 915 253 207 280 240 295 625 346 42 352 634 362 238 366 158 370 234 396 689
11 737 55 227 57 121 62 418 110 498 112 391 116 980 123 376 128 322 134 417 164 416 279 628 327 833
21 849 26 502 61 724 107 854 116 183 123 596 141 813 142 392 157 352 162 332 170 726 176 745 177 739 184 923 198 68 211 228 216 665 219 585 251 525 267 836 300 36 301 559 309 406 318 393 339 803 358 660 362 184 367 689 386 141 387 196 389 257
5 99 36 840 39 538 52 232 67 889 134 467 158 298 183 15 190 477 226 757 327 661 365 274 368 533
29 546 31 517 45 2 69 294 75 297 83 802 87 332 96 526 130 858 132 113 159 233 168 847 182 570 209 201 227 354 241 224 242 242 259 763 332 48 382 154
33 57 45 568 54 817 68 660 109 740 112 578 122 467 128 423 171 607 206 971 232 346 233 402 263 905 269 596 278 960 281 795 303 500 316 605 317 519 321 233 324 578 359 574 389 721
11 189 14 865 39 23 74 992 76 327 112 692 133 633 149 63 157 884 181 340 185 650 194 623 208 948 234 384 272 869 281 294 293 796 294 879 307 98 311 183 338 549 342 699 367 85 393 868
86 101 136 461 141 503 144 781 179 311 186 379 205 858 263 824 289 883 290 902 300 412 301 162 308 293 323 728 346 715 365 961 384 907 391 676